-0,363476;0,580621;1
-2,72853;2,28826;0
-1,5856;-1,44065;0
-1,0577;-2,05148;0
-1,84932;0,802528;0
-0,132562;-2,21481;0
0,990748;-1,54372;1
0,853879;-1,59356;1
-0,627098;-2,803;0
-1,18843;1,02199;1
-1,29128;1,58726;0
-1,99614;-2,63553;0
-0,4955;-1,41747;1
2,09757;-0,325723;0
-2,75149;2,3094;0
1,27813;-0,740126;1
-0,379312;2,63835;0
2,59262;-2,46537;0
1,4159;0,986821;1
-0,572996;0,443432;1
0,688545;-0,929385;1
2,65812;-2,13422;0
-0,99148;-2,76558;0
0,478075;1,49914;1
2,73203;-0,846022;0
-2,87304;-2,6304;0
-2,03719;1,0349;0
-1,15173;1,60161;1
2,70888;-2,02698;0
-2,30115;0,447003;0
2,37295;0,860045;0
-0,91956;0,763967;1
-2,98556;-2,6091;0
-1,51887;0,754789;1
0,46539;-2,64849;0
-1,04123;1,52734;1
-1,05257;2,386;0
-2,70189;0,419141;0
-2,82474;-1,28179;0
0,99785;-0,248137;1
2,13936;-0,476255;0
-2,99006;-1,26831;0
-0,312627;-0,0523073;1
1,56265;-0,323291;1
-1,80425;1,08448;0
2,76542;2,03626;0
1,18135;-2,27926;0
1,72516;-2,91455;0
0,123396;-1,54688;1
-1,66185;-2,93053;0
2,50591;0,515753;0
2,22553;-0,912746;0
2,17739;2,47956;0
0,522677;-2,65;0
0,694473;-1,32351;1
0,628358;2,13974;0
-1,03078;2,19936;0
2,50572;0,0184244;0
1,83566;2,08213;0
-0,987273;1,21285;1
-2,7282;-1,07035;0
-2,42543;-1,2644;0
2,53571;-2,16139;0
-1,9347;2,44608;0
0,864049;-2,83674;0
0,175273;0,54677;1
-0,433604;-2,34189;0
-2,87951;-1,40467;0
-1,6025;-2,2394;0
0,589663;-2,24959;0
1,34934;-2,77531;0
2,61723;-0,943767;0
1,3033;2,97108;0
-1,58776;-1,50255;0
-0,0602706;-2,10165;0
0,868592;1,22247;1
-1,21091;0,547813;1
0,550675;1,10954;1
-0,919279;1,39688;1
-2,94361;-2,43914;0
-1,24314;-0,448631;1
2,97547;-1,59492;0
2,9002;-0,240014;0
0,684978;1,25201;1
0,677065;-2,72456;0
-2,12969;-1,24628;0
-1,23275;1,25524;1
-0,797949;-2,26109;0
2,22439;1,64156;0
0,238992;-0,979301;1
-1,56916;-1,55424;0
0,151222;-0,270947;1
-2,27313;-2,46517;0
2,04762;0,634096;0
1,31397;2,54398;0
2,00934;1,83367;0
-0,0532071;-0,376098;1
1,00398;1,59494;1
-2,08618;2,38471;0
0,38253;-0,99701;1
1,89874;-0,0343285;1
1,01725;-2,23633;0
-2,97707;-0,0776549;0
0,376453;-2,56546;0
0,36541;-0,871749;1
0,459238;1,73383;1
-1,73826;-0,138995;1
1,62844;-1,47053;0
1,39303;-2,5524;0
0,653529;-1,31159;1
-1,65252;2,63196;0
-2,79233;-2,0795;0
-0,240444;-1,70199;1
-2,49269;-1,37616;0
1,3988;-1,66343;0
2,62795;1,64793;0
0,138188;1,52372;1
0,698801;0,790529;1
-0,670998;-1,89037;0
2,81737;-0,164153;0
0,578834;-0,476889;1
-0,328756;1,9763;0
0,298698;-1,16046;1
1,60095;-1,67526;0
-0,541737;-1,55111;1
-0,71388;0,23306;1
-1,0178;1,96396;0
-2,20434;0,433424;0
2,9767;-1,64072;0
-0,724647;0,443311;1
2,96266;1,906;0
2,38131;-0,184063;0
1,46642;1,74309;0
1,16746;-1,07985;1
-1,78798;1,75662;0
0,306723;2,40516;0
-2,01121;-2,79118;0
-0,00373621;2,05449;0
-0,19043;2,44917;0
0,639496;-1,17309;1
2,34545;1,64179;0
2,69169;-1,95827;0
2,11728;-1,71158;0
-2,18057;2,98798;0
-2,52062;-2,76666;0
2,47387;-2,82026;0
-0,604004;1,58137;1
1,99974;2,78393;0
-2,60071;2,96126;0
-1,21782;-0,0377914;1
-1,5858;-0,363484;1
1,96838;0,951248;0
-0,429911;0,311826;1
-1,61854;2,22471;0
-1,2103;-1,50127;1
-2,62855;1,84185;0
-1,60308;1,01147;1
1,72078;-0,945296;1
-1,86716;0,270517;1
1,17895;-1,50763;1
0,248537;0,706662;1
-1,82659;-0,649538;1
-0,020576;-0,334866;1
2,83218;-2,79042;0
1,08581;-1,82178;0
-1,4319;-1,40969;0
0,165252;0,347493;1
-0,701302;-2,35212;0
-1,38338;-0,0436438;1
0,332777;-1,37169;1
-1,69952;-1,50939;0
-0,142065;2,35733;0
-0,105896;-2,26072;0
-1,61429;0,733394;1
-2,36532;0,358809;0
0,92051;-2,50292;0
-1,20829;-2,27377;0
-1,40728;-2,41531;0
-0,475138;1,0763;1
1,34401;1,74709;0
-2,22383;0,163297;0
2,12659;1,68461;0
-2,04159;-0,626869;0
1,55453;0,85895;1
-0,93785;-0,824504;1
-1,12483;-1,95725;0
-1,24362;1,10693;1
-1,4757;-1,02045;1
1,42984;-2,06466;0
0,778948;2,06491;0
-1,08188;2,08228;0
0,518659;0,894792;1
-0,813837;0,476971;1
-2,3234;2,43078;0
1,76491;0,18711;1
2,85517;1,86;0
2,37755;2,45927;0
-2,82258;1,01228;0
-2,63146;-1,29794;0
2,21356;1,97339;0
0,394073;1,16552;1
-0,424797;-0,28506;1
-0,23003;0,983701;1
-2,05173;0,257288;0
0,425615;-1,0865;1
2,20676;-2,13729;0
-0,928877;1,22739;1
1,33564;-0,10071;1
1,6205;0,412482;1
0,791614;2,44488;0
2,87046;-2,05175;0
2,29162;-2,19771;0
0,709317;0,514208;1
2,24969;-0,0836863;0
1,84764;0,443939;1
-2,1215;-0,53076;0
-2,47572;-2,11697;0
-0,835669;-2,16131;0
1,13481;2,09963;0
1,74736;2,29796;0
2,57891;1,58141;0
-0,677031;-1,39084;1
-0,951559;0,607414;1
-0,675047;-1,42499;1
1,7949;-1,34218;0
0,869554;-2,64241;0
-1,79879;1,41485;0
2,11177;-0,036542;0
-2,44183;-0,856119;0
-1,13544;-0,265087;1
-2,96573;-1,30962;0
-0,635627;-0,711348;1
1,9163;-2,02431;0
-1,77565;2,88784;0
-0,569082;-2,55809;0
-0,57622;0,810152;1
0,929;-1,22561;1
2,25638;0,525208;0
-1,35772;1,8012;0
-1,17108;-2,79754;0
0,404509;-0,592474;1
-0,226088;1,34313;1
-2,96924;1,2945;0
2,01936;-1,02073;0
2,91236;-2,77053;0
2,62239;-2,40849;0
0,816286;-2,01958;0
-0,529179;2,77098;0
2,1456;1,92452;0
-0,124824;2,89695;0
0,217714;2,74545;0
-2,73143;1,39303;0
2,29557;-1,70183;0
1,49861;1,41274;0
-1,03886;-1,21653;1
0,575803;-2,43097;0
1,51291;-2,96673;0
-1,66249;-2,77974;0
-2,37113;1,04675;0
-1,56667;0,203481;1
-0,630464;2,46639;0
-1,51778;2,91459;0
-2,77614;2,75661;0
1,58396;-0,130413;1
-2,78768;-0,204521;0
-2,27217;0,729257;0
-0,832436;0,0772665;1
-1,88707;2,06932;0
2,71184;0,307304;0
-0,889443;-0,2016;1
0,656862;-2,20807;0
-2,79333;-0,575573;0
1,87277;0,446039;1
-1,32392;0,350269;1
2,76103;-2,68763;0
-0,0230593;-2,6838;0
-2,33563;1,60199;0
1,54326;2,72722;0
0,288634;1,06159;1
0,508838;-0,401367;1
-1,78238;0,48931;1
-2,3746;1,65596;0
-0,938829;-1,95232;0
2,31401;2,58627;0
2,28504;0,133234;0
0,406954;-0,741133;1
1,94931;0,765151;0
-2,61585;-0,529842;0
-2,43674;1,24743;0
-1,80954;2,43912;0
2,23693;0,973015;0
2,39883;1,1022;0
0,595388;2,00628;0
1,44376;-1,04259;1
1,79132;-1,28223;0
1,01516;-2,84529;0
1,51653;-0,948204;1
-0,985746;-2,73118;0
-0,671907;-2,71764;0
-0,479706;0,316054;1
1,59546;1,65933;0
0,660214;-2,55011;0
0,312565;-1,74128;1
-2,66138;-2,72506;0
-1,17024;1,44596;1
-2,96827;-0,25488;0
0,0193536;-0,717306;1
1,74358;-0,93765;1
-1,96831;-0,96452;0
1,67879;-2,88518;0
2,521;-1,98005;0
-0,615375;1,03609;1
0,697337;0,378001;1
-2,47288;-2,43161;0
2,34462;-2,51536;0
0,552854;0,0400708;1
2,22193;2,05203;0
1,22192;-1,05686;1
-1,48515;0,344151;1
-2,32566;2,42004;0
2,84643;-0,301884;0
-0,851353;-0,296029;1
0,522484;-1,39264;1
2,48663;2,78821;0
2,5863;2,25241;0
-2,67076;-0,462513;0
1,63604;-2,32396;0
1,91984;-1,1986;0
-2,00942;2,1749;0
-1,03697;0,223534;1
-2,46313;2,45289;0
0,422739;0,820463;1
0,478724;-0,440865;1
2,98458;0,996494;0
2,79325;2,90771;0
0,356747;2,04187;0
-0,833691;2,08644;0
0,59109;2,52233;0
-0,645512;2,41474;0
0,687733;-1,28229;1
-0,767928;-0,886078;1
2,70487;1,78772;0
0,335521;0,170568;1
1,78455;-2,83995;0
2,43202;-0,954111;0
0,08895;-0,994898;1
-1,94011;2,33102;0
-0,0764228;-1,0038;1
-0,572094;2,43117;0
0,949519;-0,962574;1
2,10483;-0,556105;0
1,03797;0,890586;1
-0,113218;-0,371972;1
1,66479;0,714304;1
0,492113;-1,96105;0
2,9254;1,45658;0
-0,225375;-1,71001;1
-0,155343;1,87873;1
2,6028;2,93673;0
-0,525949;-2,6481;0
-2,70104;0,689307;0
2,57889;-0,924792;0
-1,08894;-0,172917;1
1,52935;-1,76575;0
-0,557492;1,30436;1
2,73222;-1,82599;0
-2,7309;-0,381909;0
-1,79343;0,12821;1
2,6595;-1,98978;0
1,53937;-2,63085;0
0,28435;-0,0405943;1
-2,05566;1,80046;0
-0,890867;-2,08876;0
-1,74601;-0,384961;1
-1,91757;-1,61499;0
0,791045;-0,276273;1
-0,526064;0,145164;1
1,93032;-1,53613;0
-0,562434;0,0779936;1
1,42767;0,204702;1
1,95117;1,80617;0
1,47179;-2,33257;0
-1,97093;2,367;0
-1,1841;-0,0469703;1
2,56785;-0,950298;0
2,08454;-1,35443;0
2,90281;1,79482;0
2,98021;-2,20542;0
1,71507;-0,672437;1
2,32794;1,38031;0
-1,17191;-0,15497;1
-1,92448;0,956314;0
-2,33783;-2,49428;0
0,654345;-1,86783;1
-1,08998;2,04457;0
-0,225029;2,93609;0
-1,15388;-1,2191;1
0,752898;-1,46567;1
2,87779;2,25545;0
-0,634469;-0,714594;1
0,956051;1,62368;1
1,74768;1,86803;0
-2,78843;-2,64222;0
2,0848;-2,0224;0
2,1862;-0,963222;0
-1,88741;1,63513;0
-1,28393;-0,0619707;1
1,32611;0,755947;1
-1,62926;2,43969;0
-1,13369;2,54124;0
2,40833;-2,54313;0
-0,219089;-1,94226;1
1,5944;2,9408;0
0,200129;2,07925;0
1,6162;-2,41081;0
1,66831;-0,780569;1
-0,0475647;1,11057;1
-2,86651;0,918131;0
0,956226;2,12325;0
1,3979;-0,808075;1
-2,64063;2,4261;0
2,39873;1,51298;0
-1,79664;2,30463;0
-0,792509;-0,204012;1
2,2804;-0,207025;0
-1,1168;-1,79253;0
-2,9854;2,72604;0
-0,920411;1,012;1
2,58755;0,265187;0
-2,21381;2,37796;0
2,10448;1,99675;0
-2,46929;-2,43526;0
-1,23436;-1,84865;0
-1,4494;1,74324;0
2,75785;-0,54798;0
0,822133;2,27354;0
2,41894;2,25794;0
-1,72398;-1,38748;0
0,98945;2,30814;0
2,06546;0,489492;0
2,38379;1,45071;0
1,30449;-1,34463;1
0,387574;-0,116847;1
-0,0404689;2,01838;0
2,61178;1,06634;0
2,74857;-2,42668;0
2,28871;2,07522;0
-1,59053;-2,14899;0
-0,196447;-2,12881;0
-0,750298;-0,365303;1
-0,390932;-1,54487;1
-0,0875034;-2,7585;0
-0,944075;-2,75624;0
2,58749;0,403467;0
-1,63306;-0,244142;1
-1,08094;-1,08385;1
-2,70451;-1,21931;0
0,106716;-0,258742;1
0,134462;2,88218;0
0,81361;0,949658;1
-0,562694;1,75103;1
-0,265112;2,05453;0
2,9254;-1,95577;0
1,76783;1,96825;0
2,46128;-1,33174;0
-2,84639;0,0429041;0
0,150705;-2,58816;0
-1,88915;-2,14191;0
1,38291;-0,74988;1
-2,99505;0,820218;0
1,64595;1,586;0
1,48;-0,156638;1
1,81674;-0,763014;1
0,641884;2,13917;0
-2,27051;-2,05063;0
1,41822;0,941672;1
2,16526;-2,7292;0
-1,63174;1,57012;0
2,39562;2,66976;0
1,9685;2,92657;0
-0,548532;1,43076;1
1,67233;1,88204;0
1,69091;-0,169101;1
0,590072;1,05402;1
-0,253128;1,05429;1
-1,93142;-1,7819;0
0,100412;0,388662;1
-1,53306;1,54032;0
-0,171415;0,769613;1
-2,42683;1,80136;0
2,31046;1,62316;0
-2,00722;0,164756;0
2,0669;0,829363;0
2,8348;-0,968416;0
1,81095;-1,25767;0
1,44475;1,76578;0
-0,0684201;-0,507265;1
2,54859;-2,76586;0
-2,36092;-0,0770227;0
2,91447;-2,43915;0
-0,616455;-1,23745;1
-0,824542;-0,114156;1
-0,21578;-1,3549;1
1,67141;2,10693;0
-2,06576;1,12871;0
-1,39114;-1,22674;1
-1,54911;-1,74802;0
1,10694;0,719876;1
-2,54417;2,84074;0
-0,457691;0,934957;1
1,05728;1,97684;0
0,612921;1,44177;1
0,852659;-0,988072;1
-0,22657;0,673842;1
2,18984;0,0667687;0
2,79392;-1,57225;0
-2,23678;-1,92654;0
-0,800888;-0,922681;1
2,72574;-0,881607;0
-0,318367;-0,63608;1
0,183951;-1,36928;1
0,660619;-0,0398483;1
-2,9406;-1,1844;0
2,35314;-0,66596;0
-2,5104;0,876088;0
-2,98164;-1,54886;0
-2,62227;-0,209661;0
-2,39959;2,57496;0
2,15516;2,4885;0
1,18415;2,48395;0
2,14821;1,37377;0
2,62659;2,74074;0
0,82091;0,755341;1
-0,314219;-0,19654;1
-2,87531;1,97335;0
0,624899;-2,41715;0
2,22747;-2,57493;0
0,634461;-1,60504;1
1,55727;2,98097;0
2,61855;-2,3416;0
2,8358;1,16523;0
1,97101;0,771385;0
2,91161;0,610287;0
-0,227847;0,232176;1
-1,99652;1,38144;0
-0,459707;0,655641;1
-0,0824988;-1,90502;1
-1,91453;-2,09747;0
0,619715;1,04549;1
-1,98975;0,0617231;1
-2,50047;0,849129;0
1,43585;-2,33767;0
-0,74453;2,64736;0
-1,28283;1,34597;1
0,232812;-2,18278;0
0,996801;1,67955;1
1,75429;-2,0115;0
-0,879053;-1,48158;1
-1,5255;1,2212;1
0,540936;-1,61167;1
2,29677;-2,71893;0
2,71732;-1,96686;0
1,24661;-0,467077;1
-0,640149;2,3385;0
2,60684;1,39759;0
-2,35711;-0,902571;0
-1,50235;-1,04773;1
0,251176;0,679959;1
1,62788;0,685383;1
2,74369;-2,49328;0
-1,29572;1,19574;1
0,349581;1,53622;1
-0,123497;-0,359921;1
-1,76745;2,81301;0
1,80587;-1,40344;0
2,8213;-0,59903;0
1,19139;2,46751;0
1,13792;2,0928;0
-2,11183;-2,11365;0
-2,91216;-1,12984;0
-0,155149;0,974782;1
2,98632;2,62376;0
1,15881;-1,58814;1
-1,32641;2,37089;0
-2,76747;-0,0883056;0
2,13991;-0,142319;0
-2,71306;0,958097;0
0,502493;2,8894;0
-2,08741;1,14804;0
-1,51753;-1,13232;1
1,31274;0,0270875;1
-0,155285;2,56514;0
-1,96438;-1,79767;0
-2,57378;0,853428;0
2,43256;-0,738984;0
-0,11549;-2,63459;0
1,70342;-1,64942;0
-0,134445;2,38679;0
-1,36044;-0,159396;1
-0,816935;-2,32607;0
0,544729;-2,89162;0
-0,74086;-1,65784;1
1,5181;0,789295;1
1,72371;-2,86536;0
-2,0793;1,34004;0
-1,03072;-1,97778;0
1,51793;-2,54192;0
0,958265;-1,87745;0
-0,533692;2,34167;0
-0,79521;-1,67586;1
0,886861;-2,23487;0
-0,707741;-0,0184486;1
-1,2745;-0,0543944;1
-2,01458;-1,46267;0
2,43638;-0,503336;0
-1,18603;-1,02685;1
-0,810597;0,63241;1
-1,49925;2,57794;0
2,94723;-2,33363;0
2,71858;-1,79604;0
-1,53125;-0,524929;1
2,55988;1,25514;0
2,91782;-1,2506;0
0,0351671;-2,98226;0
-0,996788;2,63446;0
1,3267;1,23537;1
-1,83958;-2,07386;0
0,415323;-2,93426;0
1,24856;0,354044;1
-1,52551;-1,0776;1
0,359195;0,127073;1
-0,717492;1,33485;1
-1,57879;-2,31872;0
-0,795944;-0,0831347;1
-0,957684;2,9387;0
2,84511;-0,0622762;0
-0,0874109;1,38158;1
-0,51647;2,42069;0
-0,440609;0,0615448;1
-2,84258;-2,9784;0
0,446668;-1,94694;1
2,57018;0,565183;0
0,290283;2,76592;0
-2,01854;0,577096;0
2,78342;-2,8892;0
2,57105;0,104318;0
-0,852914;-2,08682;0
0,51504;0,0772782;1
2,45303;0,984218;0
1,18816;-0,93661;1
-0,522131;-1,10296;1
0,406472;1,82156;1
-2,46185;1,41089;0
0,202216;2,47142;0
-0,535338;-0,138377;1
1,30684;2,06819;0
-2,16965;1,92011;0
1,82395;-2,77666;0
-2,42039;2,5694;0
-1,72727;0,584487;1
1,8114;1,24905;0
2,49012;2,50521;0
2,67006;2,79512;0
-1,93883;0,766687;0
1,82751;1,45692;0
2,83194;-2,45934;0
1,22192;-1,02664;1
-0,75244;1,55555;1
-2,48731;-2,1626;0
0,0760174;-1,0592;1
-1,72135;-0,416256;1
-2,13289;-1,02369;0
2,70064;-0,678724;0
-2,95708;-0,654367;0
-2,33244;2,77241;0
-0,181386;-1,93863;1
1,20039;-1,32761;1
0,900378;-0,353493;1
1,32454;-2,02829;0
-2,5392;-2,78609;0
0,928075;1,35026;1
2,34927;-1,41085;0
2,62477;-2,68783;0
2,24669;-2,32265;0
-2,03431;-1,29642;0
-0,122742;1,44696;1
1,76559;1,40572;0
-1,05717;-0,741577;1
0,915752;1,06871;1
1,44239;1,28895;1
-1,06033;2,15372;0
-1,11038;-0,349755;1
2,95708;0,433276;0
2,96477;-2,66878;0
-0,707247;2,07277;0
0,0667655;2,28622;0
2,50894;-1,23137;0
0,565608;2,29155;0
1,15284;0,0450679;1
2,79087;0,97985;0
-2,23804;2,53796;0
0,862477;-0,693792;1
-0,769064;2,70859;0
0,807821;1,41108;1
2,24253;-2,89659;0
1,76755;2,4791;0
0,97709;-2,22982;0
-2,91466;-2,07207;0
2,02329;-1,85707;0
2,58021;-0,170784;0
1,86056;-1,81553;0
1,27426;-1,13779;1
-0,416658;-0,0652589;1
-1,0818;1,69157;0
0,207342;2,24974;0
-2,84698;0,373538;0
0,417862;0,373235;1
-0,74547;1,46909;1
1,3157;-2,3145;0
1,39121;1,63671;0
-2,13314;-2,5265;0
-1,66623;0,422172;1
2,48538;-1,68328;0
1,7988;-2,21664;0
1,62899;-0,493386;1
2,47641;-2,29017;0
2,40396;0,492568;0
-0,334391;2,2098;0
-2,09123;-1,87646;0
-1,32217;1,99931;0
1,25076;2,7707;0
0,603534;-0,980936;1
0,365963;2,88487;0
-1,00998;-0,820614;1
1,36932;-0,250302;1
1,97949;-2,65532;0
2,22776;2,89751;0
-2,28749;-1,88209;0
1,36967;-1,93679;0
2,11021;-0,417799;0
1,35467;1,84981;0
-2,96187;-0,873117;0
-2,44608;-0,199829;0
-2,241;0,333939;0
-0,190624;2,8777;0
1,51928;2,33617;0
-0,826995;-2,16107;0
-0,867452;-2,18782;0
-0,288953;-2,22474;0
-2,60204;1,80183;0
-1,19988;-1,3595;1
-1,12152;1,04471;1
0,227942;0,600854;1
2,5722;-0,696418;0
-2,36266;2,32949;0
-2,76209;-1,5399;0
-2,92436;-0,867388;0
0,891245;-0,396687;1
2,07517;-1,44717;0
0,149788;-0,0394963;1
2,73966;2,51021;0
-0,600893;0,937531;1
-1,31763;-2,72508;0
-2,48163;-2,37054;0
1,86702;0,891354;0
0,272502;2,66902;0
0,625409;1,4421;1
-0,73361;1,57949;1
-2,93826;1,33597;0
1,33855;-2,79312;0
-0,126462;0,682674;1
1,56595;2,45362;0
-1,78822;-1,93764;0
2,36238;-1,94589;0
0,187914;-0,481496;1
2,1559;-2,21326;0
-0,0208281;1,26198;1
-1,91293;2,28157;0
-0,182293;-0,60468;1
2,74808;-2,60686;0
-0,678008;-2,97323;0
1,05552;-0,518687;1
-0,0145582;-0,614245;1
-2,85044;1,51429;0
-0,461924;2,14569;0
-1,80157;-1,38232;0
0,188771;-0,0675539;1
-1,75529;1,10289;0
-1,95288;-1,7187;0
-1,43769;-2,02204;0
0,116848;2,26738;0
2,82077;0,169899;0
-1,12944;0,725601;1
0,180164;2,57021;0
1,03405;-1,94311;0
-2,04739;-2,67897;0
2,96948;0,331435;0
-1,4613;-0,915805;1
-0,0182648;1,2705;1
-2,77223;-2,51667;0
-1,20941;-2,57961;0
-2,36611;-0,472876;0
-0,13275;1,46335;1
-0,47434;-0,165774;1
-2,32894;2,0356;0
-1,5211;0,41525;1
1,95307;-0,521768;0
-1,00997;2,11201;0
-1,07033;-2,03052;0
-1,28978;1,26333;1
-2,081;-2,76167;0
0,94108;1,90899;0
-0,701809;-2,24234;0
-2,90845;0,484283;0
1,07276;-2,99727;0
2,2686;-0,682996;0
1,84053;0,344292;1
-1,18141;2,1287;0
-2,95587;0,875459;0
-2,91117;-2,37703;0
-0,82806;1,39217;1
0,201067;0,630269;1
-1,13602;-1,7173;0
2,83609;0,303025;0
-2,27109;-1,1498;0
1,519;0,299927;1
2,67531;-0,628612;0
1,19509;0,0615523;1
2,81434;1,09292;0
1,54532;-0,680548;1
1,13406;-0,617533;1
1,72063;-1,79338;0
1,21402;2,58763;0
-1,359;-0,46179;1
1,64692;-1,96093;0
-2,19388;1,1794;0
-1,67302;-1,54923;0
-2,92791;-0,674341;0
-2,14686;-1,2164;0
-0,966517;1,28875;1
2,48025;-0,648344;0
0,246852;2,85815;0
-0,115948;-0,0148209;1
-0,132839;0,940945;1
0,885612;2,52037;0
2,40555;1,26762;0
2,21356;-1,92789;0
1,32402;2,00379;0
1,12167;-0,623052;1
-0,45757;-2,35568;0
0,754114;-1,89492;0
-0,844514;-2,73206;0
-1,03651;2,40369;0
-1,75125;0,126803;1
-2,11785;-1,33484;0
0,89167;1,64211;1
2,17316;-1,07434;0
1,23894;-2,28299;0
-2,31691;0,947362;0
-2,92931;0,0759073;0
-0,959994;-2,86824;0
1,69083;2,02847;0
0,75124;-0,67921;1
-2,14795;-1,61738;0
-2,64415;-1,04055;0
-2,6587;-0,116597;0
0,613626;-1,01284;1
-1,40557;1,56423;0
-1,81889;-1,15474;0
-1,08255;0,822946;1
0,640341;-1,95172;0
1,09919;1,65934;1
-0,922547;2,23635;0
2,3868;2,94738;0
1,57339;1,4685;0
0,409847;0,747374;1
0,467051;0,876052;1
1,79686;2,82448;0
-1,63358;-2,43729;0
-1,68655;-0,776143;1
2,65758;-2,28573;0
2,75795;2,43577;0
-2,81536;2,96242;0
-2,70886;1,69629;0
-2,93114;0,528528;0
-0,0156564;2,18766;0
2,79915;0,00644085;0
1,09585;0,713665;1
-2,08232;1,83172;0
-0,242568;1,43847;1
-2,60087;1,37724;0
2,40946;-0,370167;0
-0,755942;-1,17948;1
2,19942;-2,44093;0
-0,0464963;0,936268;1
-2,74052;-1,92847;0
-1,32507;2,7608;0
-1,86254;2,89435;0
-2,26963;1,46787;0
2,03587;-0,331331;0
0,775198;-2,17707;0
0,339185;0,945887;1
1,47497;-1,63326;0
-0,722527;2,19568;0
-2,59506;-2,63015;0
2,34832;-1,44535;0
-2,21895;-1,07641;0
-2,38745;-1,82156;0
-0,781584;2,28218;0
-1,13247;-1,9156;0
1,34523;-0,995605;1
-2,08461;2,71887;0
0,636237;0,571236;1
2,82963;-0,930701;0
0,0796014;-0,158939;1
-0,965798;-2,52864;0
-1,25401;-2,28482;0
-0,259752;-2,77059;0
-1,99346;-1,19468;0
0,157044;-2,08182;0
-1,03876;-1,30936;1
-0,118165;-2,26032;0
-1,30168;2,55455;0
1,80119;1,58454;0
-1,9237;-1,34583;0
2,27311;-2,2627;0
-2,76971;-0,0795047;0
-1,91475;-2,99591;0
-1,09297;2,3743;0
0,219748;-2,61993;0
0,222493;-1,28619;1
-2,15378;2,70305;0
1,4239;-2,93612;0
-1,49911;-1,14661;1
1,7063;-2,08021;0
2,21115;1,28761;0
-0,844567;0,344097;1
1,63357;0,119719;1
0,649268;0,360272;1
-2,10953;0,55946;0
1,7998;0,977253;0
2,3161;0,931896;0
2,87139;0,0722663;0
1,44845;-1,70887;0
0,472401;1,83941;1
-2,25097;1,1058;0
-2,11283;1,5911;0
2,2063;-1,45257;0
-0,524193;2,25264;0
1,89322;-1,00419;0
-0,62307;0,957394;1
2,78818;-2,55223;0
-0,031213;-1,19884;1
2,29069;-2,17514;0
-1,55949;-1,92974;0
1,81754;-2,45028;0
-1,03505;0,835364;1
2,78289;2,87579;0
2,28978;-0,569987;0
0,574294;0,212777;1
1,8954;-2,10595;0
-0,663971;-0,578325;1
-1,06645;-1,33462;1
-2,0132;1,46124;0
2,41463;2,81471;0
-0,0225977;1,51795;1
-0,565368;2,51626;0
0,616558;2,36647;0
1,37912;-2,0253;0
1,23148;-1,72825;0
2,24871;2,20498;0
2,19207;-2,73183;0
-2,84583;-0,799384;0
1,87689;-1,1638;0
1,89701;-1,10078;0
-0,942462;0,579071;1
2,85362;1,19291;0
-2,3688;1,54778;0
1,62069;1,15475;1
-2,87727;-1,71996;0
-0,584677;-0,798028;1
1,42109;-2,38834;0
-2,23722;0,302101;0
2,66514;0,220425;0
0,426386;-0,53505;1
-1,13196;-2,92403;0
-2,93527;-2,62609;0
-2,85053;0,704164;0
-1,28327;-0,425766;1
1,82212;-1,0928;0
-2,79974;-2,60749;0
-1,56982;-1,15196;1
-1,81448;0,707116;1
1,46298;-1,01141;1
-0,245131;-0,869978;1
-1,55349;1,75484;0
1,93073;-2,24227;0
-1,4694;-0,222843;1
0,162985;-2,15705;0
2,66471;-1,74631;0
