0,651004
-2,50877
0,464076
-0,0264019
0,0833653
0,668918
-0,0782878
-0,419241
-0,347413
-0,592877
-0,47832
0,567602
-0,280615
1,07942
0,333687
0,106837
-0,83721
1,75385
-0,207954
0,10966
-0,606684
-0,455884
-2,53514
-0,519942
0,22036
-1,91458
0,456881
-0,123929
-1,31658
0,0650852
0,198841
-0,50257
2,29502
-2,64929
-1,23336
-0,044098
-0,567571
1,4203
-2,43274
2,28875
-0,660818
-0,21981
-1,10156
-0,471222
0,517985
-0,182694
1,06996
2,27793
-0,113898
1,16347
-1,138
-0,886842
-0,123348
-2,41001
-0,666466
0,983954
-0,551748
0,793476
0,881125
0,295866
0,249994
-0,425
-0,727307
0,746723
-0,23791
0,110736
0,275121
1,23262
-0,141498
-0,418815
-0,612461
-2,2743
-1,46453
-0,448812
0,203876
-0,415635
0,614809
-0,635602
-0,800878
-0,96691
0,158011
0,408542
-0,21026
-0,169467
-1,65215
-0,437034
-1,18481
-0,710957
-2,66901
0,0971076
-0,79971
-1,80669
0,171003
0,169886
-0,806311
0,0124806
2,0535
-2,35035
0,674687
1,61476
-0,835586
-0,266529
-0,257066
1,86183
-0,320157
-1,8551
0,0309076
-0,299162
-0,0949393
0,514463
0,520669
1,27083
-0,131764
-0,220846
-0,0423767
0,217827
-3,25732
0,276736
0,415079
0,97876
-0,799369
0,295241
-0,300734
-1,61432
0,207147
-0,7793
-1,77957
2,89463
-2,56871
0,464534
-0,363724
0,504768
1,3992
-0,903083
0,0523727
0,718344
0,212897
-1,82991
0,236663
1,41836
-0,21676
-1,21069
0,178656
-0,181033
-0,16211
-0,320336
-1,05737
-0,55977
0,335321
-0,328719
-1,58128
1,3389
0,748371
0,157595
2,02904
-2,35847
0,0163847
0,628164
-1,05313
-1,15188
0,915196
0,226077
0,61652
-0,752521
-1,28624
-1,31669
-0,238984
1,18962
0,689199
0,29821
-0,851805
0,32594
-0,576332
-0,236779
-0,763481
0,890329
0,940761
0,353278
0,245359
0,0125838
1,15897
0,855512
-2,63719
1,37648
0,65014
0,627032
-0,416902
1,15665
0,218111
-0,153089
0,512598
-0,788235
0,698977
1,11531
0,964729
1,68069
0,173542
0,0329037
2,08406
1,53563
1,29295
0,257161
0,772085
0,187265
-0,0796343
-0,965853
0,329653
-0,420668
1,21043
-0,238033
1,58417
1,57866
-0,582281
1,63706
0,371548
1,29954
0,239471
-1,56325
1,38837
0,66581
-2,47708
0,0223232
-0,303913
0,260699
-1,1438
0,00779238
1,3375
0,524568
1,6441
0,874012
-1,72911
-2,09119
-0,897729
-2,10345
-1,03516
1,50901
-0,896493
-0,993808
-1,30375
0,856391
-0,184558
0,591264
0,488309
-0,49503
0,313284
-0,837535
1,40594
0,576799
0,863821
-0,574721
-1,89242
0,821478
0,0279745
-0,106724
1,55165
0,151338
-0,381801
-0,196028
-0,356016
0,246716
2,37419
-0,201152
-2,01224
0,0563226
-2,40341
0,35275
0,247161
-2,36989
1,25278
0,598311
0,682656
-0,204832
-0,276091
1,9157
-0,130527
-0,0262683
1,04281
-1,32073
-0,213106
-1,47682
-1,13351
-0,354073
0,86111
-1,87906
1,73037
-1,44347
-1,93279
0,5628
-0,936522
0,140486
0,485648
1,30171
0,766358
1,97753
-1,6378
0,241952
-0,592662
-0,0432163
-0,292569
0,0272531
0,567573
-0,5621
-0,205319
-0,690729
-0,00999777
-1,15111
1,2665
-1,15952
-1,10077
-0,85591
1,66696
0,748146
1,15012
1,27389
-0,494347
-0,0456897
0,416785
-0,720923
0,119993
0,608004
0,31052
-1,07638
0,0777604
0,493489
0,174989
-0,645966
0,328934
-0,177235
-1,98077
-0,228865
1,17368
-0,562077
0,930775
-0,685539
1,1959
1,3389
1,30441
-0,908472
-0,586506
-1,48634
-0,81349
0,581874
0,625185
1,04444
2,32788
-0,718287
-0,248593
0,261822
0,0820042
-0,454813
-0,571152
-2,19312
1,24804
-1,90609
0,506428
-1,85868
-0,0894891
1,24575
-0,91916
0,890111
0,32559
-0,244294
-0,48608
0,13662
-1,97402
0,494885
-3,21192
-0,231279
2,2455
1,91964
0,04132
0,575269
0,541932
0,370432
1,65044
0,721359
0,728952
-0,730803
-1,48783
-1,90879
0,312718
-0,679543
-1,1664
0,520028
1,51642
-0,180088
-0,537649
-1,02658
0,392759
1,90093
0,39126
0,495496
-1,01294
0,258057
1,57839
-1,90554
1,35045
0,739134
-0,792969
0,478731
-1,34855
-1,75744
-0,582572
0,499275
1,64933
1,28816
0,00367602
-0,190911
-1,69327
-1,85739
-1,45513
-0,383283
1,17182
-0,180107
0,725687
0,722914
0,304745
0,954335
0,0760953
-2,01558
-1,05069
0,11628
0,0204574
0,674149
-0,840969
1,54411
0,203632
-0,864591
0,0781622
-2,99237
-1,19098
-1,3023
2,2849
0,418608
0,615993
0,745036
0,128633
0,145851
0,0131136
2,02939
0,971176
1,7722
-0,23225
-0,828868
-0,537585
-0,84821
-0,302953
0,293007
2,03082
0,279425
-0,428651
1,34389
0,882177
-1,28862
0,128811
0,172743
-1,70146
-1,49636
0,842583
0,124415
-0,0817391
0,902292
1,35102
1,03521
-2,62727
1,31591
-0,33978
-1,10219
0,370607
0,423793
-1,08089
-1,43361
1,19823
-0,67856
-0,00314036
1,763
-0,144982
-1,01382
-0,0965666
2,30321
-0,345628
-0,153911
0,49332
1,81916
0,267265
0,249834
-0,20956
1,0827
-0,0256579
-2,19761
-0,725688
-0,86665
-1,3788
-1,03367
-0,365552
-1,26472
-1,21361
-0,809793
-0,692776
-0,102791
1,60831
-0,593891
-0,657213
-0,497536
0,68968
-0,674453
0,398851
0,0264615
0,736322
0,75728
-0,796414
0,742724
0,535342
1,65895
-0,258012
-0,421981
-1,66961
-0,929349
0,661728
-1,1643
0,327686
-0,404335
-0,125875
0,520969
-1,61873
0,038259
1,2145
0,680163
-0,337695
0,748649
-0,960156
0,460519
-0,849914
-1,13627
-1,23212
-0,326182
0,676096
-0,035044
-1,46488
-1,00377
-0,74657
-1,69588
0,427647
1,02546
1,77745
1,24262
-0,583417
-0,584171
0,962185
-1,37108
0,603689
0,1927
-1,85627
0,544118
-0,72898
0,999892
-0,151406
0,732163
-1,23462
-0,95491
-0,45467
-0,155972
-0,919715
-0,617973
-0,758597
-0,767617
-0,477096
0,322626
0,13979
-0,933511
1,14067
-0,304751
-0,413169
0,363732
-0,374314
-0,747272
-0,299437
-0,0503153
0,559593
0,959025
-1,21784
-0,710267
-1,47937
-1,82082
2,18916
1,26734
2,07197
-1,52963
0,423401
0,774569
0,0584838
-1,6179
1,08365
-0,348632
0,698191
-1,38043
-1,32327
-0,44038
-0,0827796
1,09221
0,710848
-0,534361
0,17195
-0,676763
0,70095
1,08586
0,506909
0,570142
0,862488
-2,02121
-1,80754
-0,436258
-0,585792
-0,0157167
0,544363
-1,30091
-1,48694
0,405376
-0,0686052
-0,215322
1,48
1,38346
0,115326
0,85734
-0,00360935
1,27907
0,355643
0,884239
-0,79895
0,995906
-1,95098
0,180708
0,837331
-1,04157
1,13206
-2,26738
2,52691
-1,93849
-0,927352
-1,33615
-1,47151
-0,263005
0,930197
1,75883
-2,62427
-1,73709
0,286046
0,50839
-2,56703
1,80745
0,508003
0,0388029
0,449761
2,05972
-2,768
-1,75982
-0,953126
-0,306022
1,24137
0,102081
-0,584115
0,835222
0,25499
0,366781
0,483172
1,44139
0,689427
-0,0298044
1,427
1,14718
0,735489
-0,740909
0,23632
1,03606
-1,39335
-0,675815
1,52926
-1,77911
-0,390844
0,5947
0,489757
-0,579006
2,20358
0,648369
-0,768239
0,0281357
0,514326
-1,65254
0,615743
-1,81774
1,42421
0,196105
0,0398227
-0,421888
-0,417332
-0,324816
0,235806
-0,572206
-1,78465
-1,64977
0,972625
0,0185564
-0,364342
-0,443944
0,814668
-1,48823
0,0390008
-0,930741
-0,246896
-0,208964
-1,0076
-0,398048
0,0859104
-0,714866
-0,325758
-0,139258
-0,830414
1,49767
-0,860734
2,05633
1,37235
0,734434
-0,931351
0,78486
0,867249
-0,786754
1,27226
-0,457334
0,322839
0,123609
-1,08112
0,278009
0,980804
0,753071
-1,44435
-0,717983
-0,347748
0,88489
0,277785
1,26503
-1,13891
-0,729002
0,0725592
0,673178
2,37846
-1,98394
-0,207072
-0,492789
1,66811
0,295598
-0,583645
-1,27914
1,25579
0,753714
-0,691869
-0,51772
-0,150071
-2,20628
-0,376927
0,933293
-0,297659
0,231683
1,51857
-0,845277
1,74733
-1,56687
1,54095
-0,121608
0,9588
-1,32722
-2,12142
0,188026
0,87349
0,546829
-0,652738
0,203468
0,131022
0,240389
-1,32885
0,0727291
-2,53349
-0,357097
0,715265
0,0731603
0,941263
0,0263576
1,33677
-1,28446
-0,543642
0,640441
0,154683
1,00916
0,746083
0,927218
-0,615815
-0,880315
-2,21011
-0,00309222
0,691743
-0,270983
-0,672178
0,0235525
-0,741202
0,24282
-0,0526638
0,0819038
-1,11408
1,77258
0,8847
-0,18191
2,08682
-1,22311
0,771883
-0,158695
-1,56707
-0,716957
-0,272235
0,429422
-0,440339
0,119917
0,663872
1,12487
0,0311703
-0,168435
-0,961384
1,16866
0,477843
1,10854
0,0972452
0,36254
-1,94705
-0,129855
-0,484818
-0,915014
0,663586
-1,32198
-0,037663
-1,62646
0,203722
-0,673194
-0,0996229
-0,389432
1,64289
0,366698
0,197791
-1,50827
-0,34694
-1,39091
0,221728
-1,16594
-1,45305
1,44345
0,202024
0,457885
-0,893541
0,0279848
-0,691417
-1,19608
0,180112
0,695257
-0,0687869
0,0446115
0,199929
-0,293717
-1,24011
-0,639946
1,05228
-0,0456046
-0,472132
-0,503167
-0,53289
0,0798267
0,324293
-1,18308
-0,325843
1,0674
0,369231
1,21509
1,9145
0,828134
0,306256
0,609876
-0,413758
-0,0976123
1,267
2,15596
0,48177
0,937885
-0,958269
0,494081
-0,384191
0,917556
0,44771
0,635927
-0,303015
-0,136446
0,0297095
0,0105902
-1,10707
-2,75496
-1,41903
-1,31372
0,954665
-0,907548
-0,6826
-1,43361
0,706485
-4,49294
-1,28401
0,17178
-0,55317
1,98196
-0,534827
-0,50058
-0,447696
-0,670219
-0,812085
-0,784073
-0,036733
-0,971025
-1,17987
-1,25048
0,304124
-0,667407
2,12426
0,424586
1,1868
-0,279592
2,53296
1,52397
-0,0813388
-1,24203
0,397013
-1,91017
2,21633
1,81058
-2,68811
1,07364
-1,09927
0,378773
0,633268
0,714354
0,477436
-0,44281
0,245157
0,3768
-0,64405
-1,22595
0,117886
-1,38533
0,604519
1,5034
-0,425387
0,192985
1,97488
0,52807
0,10913
0,0204867
0,253113
-0,0989379
-0,0406376
-0,673426
1,17736
0,0330165
-0,481832
1,09842
0,744745
0,45757
0,713884
-0,227397
0,0549787
1,09695
0,155118
0,772978
-1,72426
0,83833
-0,986532
0,5167
0,337747
-0,786571
-1,83039
0,22796
-0,649437
0,592211
-1,7748
0,182523
0,294312
-0,402094
0,0175606
-0,976458
-0,00494527
-1,54999
-0,328785
0,886723
-0,396471
-0,0259273
-1,15478
0,535559
0,977414
-1,73144
-0,205649
0,895411
-1,01874
1,23195
0,119073
1,01437
0,785109
-0,646371
-1,16802
-0,737324
0,395283
2,25909
0,0218402
0,0357686
-1,31088
0,466309
-1,42304
-0,354715
2,16575
0,564952
-0,0700529
0,195909
0,585868
-1,17492
-1,10969
0,235596
-0,0775032
0,81232
-0,219853
1,44792
1,29442
-0,721004
0,242857
1,33507
-1,30863
-0,90401
0,632929
-0,845749
-1,04102
0,0101719
-0,207748
0,875822
0,136663
0,18632
-1,266
0,713158
1,56261
-0,266113
0,851132
-0,113025
0,622566
0,883968
-0,642867
-0,701888
-0,579468
1,09427
-0,580317
-0,189846
-3,88438
1,11665
0,320504
0,944833
1,02645
-1,45916
-0,726426
-0,0392897
0,788256
0,325173
-0,616001
-0,849709
1,18893
0,392633
-0,0358779
1,02984
0,213635
0,500589
0,968626
-0,360142
-1,06334
-0,795622
-0,964825
0,222208
-0,457349
0,650536
0,178054
-1,19474
-0,447038
1,46154
0,243189
-0,255652
0,460563
-3,32435
0,220841
-1,37514
0,42176
0,0138969
-0,35814
0,645067
0,938064
0,476741
-0,35263
-0,295787
1,33
0,322085
-2,38765
0,0329581
-0,745183
-0,848856
-0,597578
0,49516
-1,01283
-1,52551
-0,193572
0,666736
-2,14676
0,29582
-0,361995
0,119445
-2,2764
-0,316914
-0,238729
-0,549968
-0,159758
-0,389839
0,969729
1,20205
-0,743419
-0,0498886
0,708961
1,16533
-0,921864
0,0336991
0,179247
0,941502
-0,966491
0,230739
-0,975157
0,890311
-0,0966811
1,29807
1,10397
-0,653028
-0,5224
0,19957
-0,472567
-0,111034
1,76833
0,362608
-0,474537
1,25592
1,39946
0,151616
-0,591738
-1,35162
0,082342
2,3604
-0,92308
-0,230417
1,29725
-0,0848842
-0,0462551
0,00322832
-0,104616
0,738067
0,282359
-0,475357
-0,709347
-0,253979
0,143214
1,33685
-0,358995
-1,63354
-2,36382
1,30418
0,20185
-0,42546
-0,060537
-1,64836
-0,0721463
-1,35672
-0,988741
0,271219
1,31986
0,466995
0,491881
0,0776902
0,208623
1,09928
-0,373981
0,663661
-1,87411
-1,05915
-0,461369
0,781084
1,61188
-1,50637
-0,603858
0,0188024
-0,32127
0,242061
-1,42152
-0,65764
-0,486005
-0,859436
-0,476174
0,215906
-0,430093
-1,10511
-0,104208
-0,694746
-0,780175
-0,981987
-1,46781
1,17558
-2,1635
1,3473
-0,992009
-0,0829682
-1,74963
1,12613
0,0931037
0,0429758
-0,622092
-0,333662
1,11925
-1,07078
-0,413872
-1,80261
0,288687
-0,105362
0,387803
2,13294
-0,395875
0,460771
0,119714
-0,550931
0,558401
-2,2964
-0,238304
1,26059
1,59751
-1,27794
0,952415
1,02092
-0,0713589
-0,172608
0,327739
-1,12478
2,10904
-1,01906
1,86576
0,599024
-0,00691983
0,134548
0,12429
-2,49024
0,527002
0,478233
-0,320951
2,32083
-1,9744
0,200695
-0,0814964
1,42301
1,35649
-2,05296
-0,0751919
-0,256644
0,851329
-1,10088
2,22422
0,649031
0,136585
1,4727
-2,53965
0,0163171
-0,0783833
2,01306
0,191926
0,364447
0,40065
1,94099
-0,329964
0,117836
0,253674
1,42981
0,68838
-1,01384
-0,348853
0,0249297
-0,233415
-2,40626
0,254053
-0,0311654
1,19053
-0,975998
-0,59288
-0,658625
0,856241
-0,611394
-0,183481
0,942618
-1,87241
-1,08771
-2,28225
-0,640351
-0,306055
-2,70572
-0,656976
0,577518
-1,46745
-0,942817
0,989649
-0,0755674
-0,568305
0,0426318
-1,33957
0,472734
0,743478
0,529315
1,37678
-1,72551
-1,82174
-1,2325
-0,854754
0,225221
1,39951
0,491516
-0,205724
0,171216
1,88537
0,948035
-1,94455
-1,81342
-0,655903
0,442966
1,53767
-1,21901
-1,62105
1,40215
2,26554
-1,9782
0,694845
0,494989
-0,530662
0,573606
-0,440215
0,806335
0,866571
0,102779
-0,346124
-1,0186
-2,19689
1,50826
0,60993
-0,252982
-0,316715
0,0207416
-1,7932
-0,526744
-0,66243
0,235571
2,00236
0,616748
-0,80591
0,650941
0,995702
-0,799459
-0,239441
1,6814
0,650209
0,0780014
1,20864
0,91065
0,181182
-0,0546391
0,427043
-0,389945
2,81668
1,24148
0,893687
-1,89866
-1,01084
0,266552
-0,206889
0,0858544
0,567502
-0,70467
1,58327
0,407351
-2,3312
-0,780926
1,2666
1,98786
0,660147
0,824989
1,928
0,342118
-0,0250759
-1,99004
-1,01828
-0,818451
-0,285809
-0,132276
0,669368
0,349807
0,907325
1,45103
0,696512
-0,284172
-1,7407
-1,93871
1,3549
-0,77998
0,450724
3,40154
0,934421
1,65694
0,14998
0,268643
0,194113
-0,398805
-0,387643
1,4571
0,326267
-1,46189
-1,0017
1,13236
0,490228
-0,0407658
0,743801
-0,684172
-0,0337946
1,03155
-1,35585
1,91047
0,375215
0,00941816
0,465918
-1,47892
0,971724
0,741136
-1,67742
0,733121
-0,962341
0,929877
-0,773725
-0,939089
-0,698132
-0,0156778
0,495121
-2,19057
-0,451676
0,421863
0,520624
-1,69712
0,518201
0,0554391
-0,205719
-1,57097
-1,3249
-0,937804
-0,818645
0,958927
-0,100658
0,872316
-1,54042
-0,318539
0,814641
-1,16246
0,544646
0,243978
-0,886897
0,0429381
-0,655642
0,318669
-0,864925
0,89495
-0,645616
0,368122
1,86189
-0,37071
-0,000933526
0,574126
-0,30119
0,598569
0,486796
0,75708
-1,17109
-0,713658
-0,40747
-2,54542
0,646547
0,763401
-0,461628
0,988521
1,39591
-1,3175
-1,38127
1,35429
-0,102884
-0,415934
-0,972238
0,288092
-0,0516777
-0,821081
1,33431
0,301635
0,100455
-0,655646
0,733155
-0,233322
-0,699456
-0,798165
0,939598
-1,40512
0,657294
-2,14375
-1,14467
1,07936
-1,34894
-0,701129
-0,339823
0,836609
-0,489911
-0,626778
-0,131808
0,885683
-1,29384
0,275599
0,338937
-0,0274166
0,110188
0,0406382
-1,03688
-2,19358
-1,64435
-1,39993
-0,754261
0,118306
-2,61965
-2,21269
0,461255
-1,07229
-2,37901
-1,80615
-0,0827475
-0,563451
0,0389634
-1,47144
-1,44052
-0,974659
-0,728256
-0,936757
-2,37383
0,925816
-0,251268
-1,52178
1,39138
0,217734
-0,222013
-1,14894
1,77434
-2,51862
0,682156
-0,286822
0,636532
0,640059
0,469247
-0,426253
-1,83924
-1,50642
0,950157
-0,380447
1,257
0,947723
-0,353371
0,916472
1,64711
-0,125217
-0,181321
0,601858
0,164562
2,54174
0,624376
-0,880395
1,41861
-0,63411
0,832457
-2,06791
0,726235
-0,620689
0,872358
-0,590144
1,36535
1,64958
-0,380659
1,05017
0,641901
-1,12963
-1,62145
-1,04746
1,57612
-1,74193
-1,5909
-0,490866
0,126223
-1,89833
-0,0163813
-1,33789
0,638569
0,244106
-0,738305
-0,608329
0,0571654
-0,117307
0,586685
0,062194
-2,386
0,714184
-0,528762
0,291351
-0,0451184
1,2296
-1,07153
0,638485
1,17942
0,176862
0,72463
-0,118466
1,762
-0,76567
0,381727
0,886393
-1,45826
0,387456
-0,110254
0,903931
-0,484288
-0,119023
0,53836
-0,0343504
-2,30626
0,887142
-0,207766
-0,704585
0,201033
-0,568364
-0,4286
-0,306723
0,354576
0,502781
0,362766
-1,96481
1,41461
-1,20025
1,21553
1,53049
0,343153
-0,444887
-0,987396
-1,60095
0,112886
-0,162228
0,0255492
-0,211251
0,134808
0,347657
-1,74243
-0,299382
0,228864
-0,165092
-0,533149
-0,0216997
-0,783398
0,395917
0,472778
2,0234
-0,161683
1,28718
-0,0833308
-0,302768
0,806142
0,169216
0,883149
1,19786
-1,03457
-1,26416
-0,993744
-0,214685
0,221368
-0,181716
-0,71251
-0,689456
0,556362
0,487282
-0,601386
-0,331415
0,280157
-0,3321
-0,243545
1,06738
2,31877
0,548267
-1,59309
0,0882557
-2,45179
-0,919269
0,549272
2,41679
0,697656
0,518142
1,98541
0,00854994
0,0764123
-1,2424
0,750674
-0,208173
-1,43309
0,940192
1,07523
0,194797
-1,79979
1,11883
-0,719103
1,27437
-1,0406
-1,10386
0,822561
0,689882
0,864611
0,259356
0,771149
-1,09805
0,154763
-0,447511
0,454534
-1,21492
-0,462341
0,173076
1,16084
1,30039
0,978856
0,668635
1,02911
-0,440367
-0,857231
1,22681
-0,0732318
0,607679
0,515824
0,374637
0,61205
-0,308268
-0,238374
-0,136908
-0,876504
-0,436642
2,3086
2,51916
0,861193
-1,2009
-0,327568
-0,437256
-0,0470699
0,602322
0,98319
0,99931
0,870093
0,0855333
-0,136154
0,680656
-0,707546
-0,457194
-2,29117
-0,245511
1,91832
0,0937986
0,602488
-0,0260559
1,06295
-0,804281
0,428924
0,247774
-0,630622
-0,61964
0,117922
-1,73971
-1,95497
0,077529
1,34084
0,19537
2,31047
0,893695
0,610593
0,60842
1,14262
0,669111
0,950088
0,953436
-0,527825
0,237249
-0,775483
-0,728438
1,25446
1,29266
0,379924
0,611695
0,477179
0,43757
-0,85658
0,336027
1,17097
1,79832
-0,146658
0,492615
0,775451
-0,516317
-1,36448
-0,417671
0,37255
-1,21169
0,857165
0,302147
0,638916
-0,508002
-0,210483
0,0328735
0,0276525
0,115516
0,775102
-0,737719
1,73793
0,156844
-1,06012
-0,712899
-0,113805
0,541594
1,63193
-0,841493
0,717521
-0,407621
0,556467
-0,78789
-0,35997
-0,300063
0,635586
-0,196158
1,64219
0,132663
0,194294
-0,389591
-0,711821
1,05636
0,707904
-1,08337
1,17692
-0,731135
-0,224583
-0,0324137
-0,286451
-0,922674
-0,816641
0,60893
0,517152
-0,223541
-0,741221
1,35361
0,482605
2,10152
0,259848
-0,515139
-0,119247
-1,00443
1,34274
1,50895
0,0231569
0,34328
0,532578
-0,734509
-2,12916
0,809319
2,11313
0,515512
0,375784
0,747779
0,130428
-0,0578728
-2,40666
0,436321
0,745973
-0,647486
-0,31911
0,676109
-0,353184
1,0236
1,06939
0,205215
-0,0258746
-0,390536
-3,24067
1,76113
-0,25555
0,0350164
-0,0297623
-0,997643
0,891395
0,782058
0,32713
-0,236016
-1,27786
0,719181
-1,13124
0,706463
-0,689592
-1,14354
0,643465
1,18701
-1,4484
-1,69594
1,11926
-0,500143
-0,141387
0,834868
-0,65653
-1,0058
-0,665653
0,538654
1,63816
-0,804949
-0,905549
0,183587
1,23399
-0,546139
-0,366166
-1,99334
-0,241158
-0,848203
1,25553
0,119893
0,402366
-0,761998
-0,08416
0,739186
-1,99502
-1,68709
2,02819
-0,554578
-0,596077
2,40745
0,260852
-0,605588
-0,823027
-0,630093
-0,0390464
-0,599297
1,32596
0,728482
-0,47052
0,336487
-0,329337
0,621468
-0,456959
0,211818
-1,54739
-0,546451
1,87931
2,98167
-1,37198
0,930905
-0,460488
-0,113685
-1,32623
0,575945
-0,691555
0,720592
0,649411
-0,585456
0,514459
1,41085
-1,10089
-0,258124
-0,314545
-1,00023
-0,995221
1,07571
-0,930716
-1,49392
0,794482
-2,73375
-0,708516
-1,65301
0,291557
2,12892
-1,19233
-1,19879
0,687544
1,2244
-0,671246
1,23121
-0,583886
-0,360448
0,557939
-1,43019
-0,383474
-1,11183
0,315308
0,722985
-0,606087
-0,547916
0,776641
1,8926
0,417441
-0,819032
-1,31072
0,637859
-1,35864
0,0863868
0,546384
-0,246939
-0,573938
-1,31926
0,552235
0,139011
-1,5997
-0,576297
0,682231
-1,586
-0,0391897
-0,00092556
-1,09751
0,768529
0,19718
-0,0701092
-0,182265
0,630338
1,30588
-1,14567
1,36366
0,634309
0,121667
-1,03876
-0,0647618
0,246836
0,418435
0,187509
0,591045
-0,396909
0,0725727
-1,65819
-0,408846
0,756364
0,0639904
0,153268
-0,274558
0,237148
-1,2244
-0,305552
-1,11489
0,366804
1,23483
-0,0982767
-0,572603
-0,930445
0,318269
0,539316
0,57307
-0,261603
-0,863162
1,53456
-0,82672
1,37741
0,469166
-0,83264
-0,245646
0,388696
-1,91045
0,338173
0,258315
-0,465906
1,57037
-0,588764
0,396087
0,848509
-1,54763
-0,644815
1,7328
0,710597
-0,391248
-0,525548
-1,43684
-1,13934
1,30214
-1,00124
-0,780094
0,139723
-0,158779
-1,75693
-0,126266
1,4127
0,846733
-0,642695
-0,781902
0,284499
-1,07071
-1,91495
0,62024
0,158039
2,00584
0,938199
0,840745
-0,706399
1,50327
0,318286
-0,683235
0,471837
-1,56131
0,382418
0,143422
-1,36996
-1,64963
-0,935041
0,576469
0,996691
1,23055
0,204879
0,36933
-0,862175
0,830899
0,115745
1,52189
0,903275
-0,93876
1,47001
-0,765222
1,13609
0,910067
-1,09664
-2,57148
-0,416846
0,970496
0,266905
0,506389
-0,595195
1,53598
1,00572
0,253882
-0,985214
0,0639155
-1,95411
0,156716
0,776799
0,377757
1,05598
0,500728
0,897715
-0,0549969
-0,593851
-0,945308
1,68635
-1,09174
-0,187491
-0,0849547
-0,746556
2,23192
-2,41628
0,782915
1,86005
0,559552
0,812693
0,515654
1,14336
-0,624231
-0,396102
-0,018189
-1,23018
0,00150524
-0,23309
0,158013
1,08026
-0,317211
-0,189122
-0,149859
0,671902
0,77813
-1,24893
-1,00339
-0,0199023
-0,338337
1,05718
0,259083
-0,605664
-0,355187
-2,48086
-1,4855
0,343891
-0,830392
-1,7835
-0,0563546
1,46181
0,186242
-0,231841
-1,254
2,21956
0,137482
1,11952
0,392009
-0,662001
2,24218
-0,0448917
0,827589
-0,369238
0,0794381
-0,727961
0,584791
-0,74073
1,15445
-1,11584
0,878928
2,85473
-0,324051
-1,63592
-0,694333
0,434855
-0,676412
0,0583983
-1,07502
-0,137415
-0,218691
-0,276991
1,36189
-0,000919878
0,326009
-1,45298
-0,234669
-0,287754
0,402283
0,607815
-2,06009
0,627994
0,39119
-1,68128
-0,534287
-0,88042
1,32042
1,02411
-0,867516
-0,975139
-1,40659
1,99129
-0,549978
-0,0268352
1,7281
0,206863
-0,304001
0,280283
-0,452269
0,286192
-1,455
-1,04719
-0,455212
1,87846
0,155755
0,470286
0,858441
-0,0361745
0,958518
-0,0975187
0,446609
0,476269
0,692654
-0,301136
-0,27297
-0,86618
0,34989
0,42732
-2,36659
-1,12417
0,0518293
1,25356
0,175213
1,17177
1,10932
1,06948
0,247825
0,903778
1,22117
-1,73037
-1,03875
-0,501743
-0,237316
-0,0217636
2,22036
3,00476
1,05186
-0,485949
-0,285712
1,04376
-0,285452
-0,276627
0,770247
-1,14076
-0,531858
-1,94262
-1,33432
0,634753
1,72699
1,3496
-1,67975
0,625623
0,21238
-0,321251
-1,94085
-0,641542
-1,5386
-0,579528
-0,194984
0,115234
-1,60675
-0,971066
-0,725036
-0,396786
0,42903
-1,43275
-0,434067
-1,90893
-0,88054
-0,235644
-2,22664
-0,874144
-0,127049
-0,821006
-0,568853
-2,11383
-0,808789
0,891362
-0,172155
-1,42633
0,985034
-0,0710411
0,112184
-0,359001
-2,44198
0,782498
1,37177
-0,1262
2,08695
-0,695314
-1,31324
0,499814
0,991699
-1,86849
0,0791124
-0,730588
2,12904
1,13189
-0,755764
-0,223332
-1,36925
-0,158576
-0,0208259
-1,50679
2,296
-0,490718
1,60291
0,0815021
1,02869
-0,63518
-0,620932
1,57098
0,744622
1,29568
1,08687
0,553934
1,35741
-0,198757
0,897008
-0,627588
0,782148
-0,145665
-0,243113
0,3303
-0,382105
-0,475941
-0,0185679
-1,08761
0,372337
-0,0858984
0,969649
-1,45918
-0,465486
-0,14259
-0,580308
-0,585841
0,24489
-1,46478
0,522922
0,729618
-1,02093
-0,456406
-1,22427
-0,682835
0,692312
1,12138
0,244821
0,130643
0,161871
0,942752
0,534794
0,54783
0,294466
-0,205837
-0,344506
-1,24553
1,37811
-0,162484
1,55476
-0,235037
-0,534413
0,705125
-0,1044
-0,064547
0,0736382
-2,8958
-0,208204
0,695052
1,03816
1,67127
0,918771
-0,735633
-0,822929
-1,55984
-0,545154
1,46344
0,683254
-0,84491
1,09514
-0,240274
0,501352
0,700684
0,640041
-1,38753
-0,498454
0,00863947
-1,47969
-1,4206
-0,739782
-0,228934
0,809412
-1,03184
-1,06422
1,38265
0,109038
0,109792
-0,432424
0,017281
-0,143025
0,625671
-1,47798
0,336363
0,502376
-1,54554
-1,63953
-0,469327
-0,48488
-0,300408
0,133625
-1,29235
1,15399
-0,503861
-1,25968
0,249495
0,621138
-1,52137
-0,0525029
0,0848135
-0,614661
-1,1149
0,314206
0,0481787
0,993743
-0,673393
1,11813
0,771279
0,820522
0,405769
0,504823
0,558167
-1,01359
-0,999557
-1,15634
0,891369
-0,794563
-0,321359
-0,158444
0,904236
1,79782
-0,222668
-1,1458
1,59831
-1,63959
1,29635
0,668492
-0,508839
0,940691
1,39064
-0,464588
-0,44924
0,139539
1,96866
1,14201
0,86895
-0,30421
-1,06268
0,0690209
0,628187
-1,19563
0,464633
-0,0210264
-0,364058
0,156615
-0,515035
-0,205142
0,0996257
2,14742
-0,51719
-0,781007
0,840612
2,89014
-0,243352
-0,465909
-0,506666
-1,53043
-0,834113
-0,513108
1,07728
0,598737
0,59771
0,787804
0,320645
0,257464
-0,220955
-1,33606
0,144421
0,610039
-0,0585881
0,154998
0,00889116
0,561371
-0,167403
1,32556
0,924398
-0,266924
-0,266994
0,48506
-0,393736
-1,28188
0,121692
-1,52781
1,68938
0,557093
-0,67831
0,125841
-0,219083
-1,20671
0,204824
-1,17002
0,402755
-0,832823
-0,964377
-0,746133
1,07133
1,20013
-1,09838
0,340141
-1,86253
-1,27524
-0,0554557
-1,83632
0,967784
-1,09709
0,160528
-0,91286
1,13997
0,312219
0,925427
-0,113484
-0,30073
-0,206246
-0,47324
-0,554165
-0,462751
-0,789983
-0,566199
-1,45034
-1,50777
-0,674214
0,273155
-0,649161
0,537835
0,328885
0,988142
1,0769
1,19491
1,09371
-2,19436
-0,194286
-0,973007
-1,02703
-0,441656
-1,26591
-0,935263
-1,40381
1,24933
1,25315
0,265961
-0,571021
1,59926
1,1149
0,307604
-0,643932
-2,03945
2,48003
-0,771229
1,80927
-1,3203
-0,389949
0,338811
1,06712
0,066378
-1,21907
-0,0974998
-0,860234
0,612289
-1,46818
1,33989
-1,52343
0,949655
1,63185
-0,663942
0,931535
-0,401739
-0,524396
0,185239
0,923785
-1,32748
0,165215
-0,122853
-0,981023
-0,117389
-1,13796
0,601855
0,677102
0,558942
-1,40443
-0,338402
0,737442
-0,468559
-0,263749
1,14584
-0,00480998
0,0479013
0,244479
-0,174907
-0,672358
-1,82005
-0,881179
0,333537
1,16735
0,0315984
-0,444404
0,240667
0,203067
0,744534
-0,174705
-1,91397
0,156979
1,83511
-0,146816
-0,019652
-0,919367
-0,521852
-1,28313
-0,132703
-0,000711569
-1,03907
0,554332
-0,549956
0,124951
-0,0212903
0,676738
-0,520921
0,645578
0,486602
-1,7456
-0,100694
1,13813
-0,468519
0,104615
1,78866
-1,76876
-2,21163
0,429177
0,18156
0,105651
-1,13008
0,660381
-1,27503
-0,152857
-0,377959
-0,883051
-0,963003
-1,07097
-0,379348
1,0544
1,1093
1,17858
0,709819
0,639488
0,74955
-1,04052
-0,212097
1,27916
-0,136932
1,32926
1,34509
-0,622696
-0,340518
-0,19606
-0,789871
-0,169381
0,671235
-1,01362
-0,0744792
0,372492
-0,60337
0,34392
1,07981
0,00532001
1,28118
-0,318434
1,78211
0,99204
0,57209
0,40589
-0,299425
-0,459173
2,31238
1,38412
0,202313
1,46175
-0,442711
0,190388
-0,903721
0,32673
-1,39042
-1,59106
0,229526
0,255015
0,473969
0,09479
-0,413486
0,34404
0,17989
0,542884
-1,06515
0,259536
-1,24353
-2,11865
0,899621
-0,70382
0,397018
0,264715
-1,39588
-0,321044
0,290843
-0,590226
1,39531
-0,213208
-0,56851
0,815895
-0,167585
0,89496
-0,738616
-0,339444
0,985958
-0,0194127
0,292601
0,683491
-0,716703
-1,79872
-0,743023
0,718304
-0,0222772
0,0436881
0,628753
0,29502
0,933383
-0,321595
-0,881731
0,592059
-0,703355
-0,217994
-0,763063
-1,63002
-0,568005
-0,0683695
-1,50879
-0,881202
0,176144
-0,569766
0,558595
-0,549994
-2,04263
-0,528835
0,536283
0,650593
-0,722134
-0,353942
1,41535
-2,46914
-1,63622
-1,55181
-1,27809
1,0423
-0,0221319
-1,83884
-2,00647
2,4636
-0,572564
-0,479642
-0,280669
0,240078
0,136011
-0,456727
0,622643
1,93197
-0,583272
1,07567
0,341329
0,632528
-0,529475
1,04188
0,713519
0,0277309
0,17614
1,5745
0,89109
-1,21713
-0,560082
-0,288844
-0,283158
1,11606
-0,662793
0,458847
1,01967
0,20265
2,42698
1,0597
-0,237411
0,0677032
0,225045
0,386726
-0,622545
-0,160867
1,29956
1,12073
0,416005
-0,231581
-1,53295
-1,49594
-0,216046
-0,325231
1,11938
0,096456
-0,355378
-0,298908
0,213265
0,293049
0,0399148
-0,705463
-1,92404
0,186873
-0,166829
-0,328641
0,299001
0,218892
-0,475407
0,575758
-0,0758716
0,184101
0,640147
-0,332404
0,634271
0,298982
-1,56094
0,586669
0,13684
-1,62048
-0,6255
-0,34862
1,34048
1,14868
1,03689
-0,180581
1,39626
-0,0382879
-0,267795
-1,32912
-0,861728
1,16739
-0,292375
0,94234
-1,69199
0,898658
1,11509
0,272493
-0,236933
-0,0737872
0,329633
-1,18784
-0,0937519
-2,43896
0,238803
1,10623
-0,214789
1,03579
-0,0144007
-1,14917
-0,392075
-0,906778
0,460275
0,335393
-0,642691
-0,0337524
0,975582
1,12983
-0,848973
0,408676
-1,58996
-0,894995
1,85486
-0,204834
0,24353
-1,29896
2,30415
-0,720933
-0,944033
-0,949513
-3,41003
0,988567
-1,22951
0,431623
-2,10392
-2,08605
0,0458426
0,44845
0,416462
-0,682425
0,14743
1,43597
-1,71472
-1,61429
0,629002
0,24798
-0,88629
0,518315
1,40238
-0,704327
-0,259509
0,524895
0,480937
1,44896
0,632786
0,651198
0,538986
0,968804
0,283109
-1,86636
0,980086
-0,636789
0,700977
0,703084
0,370209
-0,24121
-0,976458
0,259795
-0,546599
0,758765
-0,375124
-0,501037
-0,541647
1,77593
2,2784
-1,33769
0,441878
0,0968501
-1,59109
0,624481
0,923872
0,98595
-1,1375
-0,605478
-0,709672
-0,66157
-0,87914
0,617858
1,39875
1,59317
0,876904
-0,994096
0,125315
1,38904
0,786489
0,395091
-1,0491
-0,212045
-1,59408
-0,439129
-0,619975
1,12658
-0,671075
2,23196
-0,868128
-1,78055
-0,593532
-0,164889
-1,65676
-0,249316
-2,41112
-0,805483
0,441288
0,985696
0,148331
0,0226457
0,32623
1,91987
-0,422566
0,732234
1,74446
1,9779
-0,367158
-0,262585
1,18355
-2,77261
1,41358
1,82518
-0,991219
-0,146608
-1,17401
-0,71313
-0,291696
0,390381
-1,43037
-1,17284
0,944653
0,191467
0,108057
-0,40282
1,18545
-0,663403
0,841759
-0,750655
1,10532
0,697706
0,0958233
0,0670467
-2,0305
0,548035
-0,695056
1,63152
0,950556
-0,101718
0,441611
2,06677
0,356836
-0,35236
-0,355488
1,46657
-1,46394
1,1575
-0,395246
-0,658308
-0,206511
-0,555565
0,381361
2,39521
0,105871
0,719656
1,45821
0,357659
0,270781
-0,116938
0,201922
-0,943911
0,351938
0,909698
-0,551918
-2,31055
-0,767999
0,663076
2,03035
-0,662771
-0,191381
-0,525634
-0,369559
-0,0487534
-0,464856
0,145544
-1,44797
0,863468
0,24514
0,586149
0,348671
-0,866529
-0,715671
0,456132
0,774937
-0,497607
1,39089
-0,522404
1,28393
0,296547
-0,261778
-1,09222
-0,635623
0,2378
-2,30168
1,312
1,4693
-0,705623
-1,65173
-1,37511
-0,0941167
-0,194535
-0,419964
0,779756
0,182985
0,467949
-0,149966
0,175756
0,540147
-0,375003
0,133409
0,700969
-0,549479
0,843167
2,18412
-0,0522555
-1,39432
-0,556488
0,0676708
-0,518843
-1,35711
-1,30603
1,60117
0,929676
-0,142952
-1,05557
1,54984
0,753962
0,418811
-1,48759
0,349323
0,587059
0,342778
-1,12342
0,713323
1,21627
-0,160421
-2,62624
-0,281789
-0,599536
1,03263
0,819963
0,162769
0,68787
-1,13575
0,822898
0,886621
1,92959
0,73865
0,233848
-2,22646
-0,62348
0,158905
0,0390028
-2,77722
-0,728457
-0,444058
-0,269342
0,744139
0,378728
-0,414258
1,69908
1,15245
-0,9673
0,678111
0,425388
0,7663
0,190267
1,15555
-1,75414
0,28478
1,01398
1,68413
-0,429433
0,263523
0,0683682
-0,163147
0,422097
2,04737
-1,59861
0,994443
0,106743
-1,09426
-2,04222
-1,28965
0,0785561
-1,46316
1,51282
-0,440474
0,123106
-1,18025
-0,978641
0,423636
1,8455
0,453067
-0,00853972
-0,985533
0,470658
0,437448
-0,505337
-1,72188
-0,218659
1,37191
-0,841777
-0,0240052
-0,739269
0,819763
-0,681825
0,54107
-0,667521
2,41183
0,610051
0,845995
0,10809
0,00511535
-1,94953
-0,588148
-0,831775
0,423995
0,627002
0,226061
0,36844
-0,795575
0,10315
0,284448
2,31018
-1,13444
-1,25511
-0,795229
0,208847
1,93919
0,162596
-0,135568
3,11848
-0,827535
0,123019
-1,03244
0,0648152
0,769813
-0,511289
0,112786
0,0991284
0,00765371
1,24722
0,960412
-0,0989743
0,00316375
-0,658618
0,111242
1,13636
1,13395
0,981386
-0,916534
-0,568396
-2,35376
0,525675
-1,11353
-2,08362
1,2257
-0,689739
-0,146142
-1,95807
0,632394
2,27701
0,281364
-1,49925
-0,0564216
1,13322
-0,920175
-0,0889366
-0,593681
2,33641
-0,462803
0,980154
-0,169936
-0,793167
-0,768838
-0,885612
0,15077
-0,967263
-0,906615
-1,45039
0,0653817
0,781896
2,24698
1,26941
1,76335
1,02845
-0,971983
-2,11245
-0,00667593
-0,289674
2,46985
0,0789305
-0,623529
0,403527
-0,661564
0,314019
-0,252048
1,01163
-1,58957
-2,90715
1,57722
-0,196156
1,54432
-0,975576
0,683071
-0,981366
-0,292902
0,283933
2,68107
-1,08366
-0,919758
0,243535
0,128364
0,0682163
0,03908
0,173849
-0,514865
0,809471
-0,398307
-0,436856
-0,499792
1,21759
-0,938889
-0,383685
0,0924149
0,701085
0,782013
-2,40608
0,404911
-0,0236697
0,449157
-0,176148
0,185554
0,282017
-0,763378
-0,858774
1,67155
-2,2723
0,0160179
-0,963747
-0,183086
0,593151
0,496467
-0,486726
0,673036
-0,344303
0,0942671
0,434618
1,82735
0,943715
1,30596
0,856059
0,68294
0,526315
-1,77262
-1,04088
-1,97497
-1,50172
-1,06298
1,2882
0,125056
0,689969
-1,13836
2,33796
-0,152043
-1,91862
-2,26593
0,088947
-1,51386
0,908143
0,860691
-0,311401
-0,944862
2,4831
0,794026
1,49855
0,35768
0,380129
1,27004
1,02949
0,627958
-0,104586
-1,16142
-1,39001
-1,00065
1,48768
-0,671194
0,583359
-0,64834
-0,534688
-1,41144
-0,335411
0,527152
-0,0178624
0,396891
-0,829818
0,048165
-1,07653
0,205863
-0,655019
0,465229
0,609716
-0,631152
0,672028
-0,577902
1,72689
0,332354
-1,31713
0,407168
-1,15072
-0,868087
1,1574
-0,131957
-1,47285
0,175752
0,073962
0,741914
-2,26718
-1,41302
0,382359
0,428126
1,46396
1,0897
0,119298
0,736817
1,56239
-1,00959
1,99787
0,115186
1,1964
-0,109969
-0,084271
0,138676
-0,927855
0,112702
0,224784
1,11345
0,303157
-1,65488
-0,0114057
1,17377
0,355048
0,188259
-1,80614
0,560007
1,37843
-0,796337
-0,344894
0,633312
-0,954647
1,43879
1,73555
-1,2447
0,726401
-0,494578
-0,744371
0,306559
-0,370546
1,27269
-2,42678
-0,281582
0,686809
0,395948
1,2717
1,42185
0,64521
0,445077
0,0739266
-0,677876
-0,813653
1,55394
-0,491009
0,0183645
-0,287974
0,529014
-0,903494
-0,278545
-0,0300424
0,568879
0,195643
0,973293
0,862402
0,793444
0,2504
-1,07346
1,55428
0,857864
0,905395
1,53659
-0,285469
-0,169231
0,626437
-0,166173
-2,17611
-0,537294
0,735835
-0,292737
0,68872
-0,0661985
-1,20113
0,382688
-1,48193
2,3388
-1,32322
-1,57811
0,38831
-0,338299
-0,249482
0,738868
0,443382
0,831363
0,0379032
2,3299
1,35847
1,00476
-0,710126
1,12475
-0,325222
1,61986
0,718406
0,79965
-0,82671
0,881242
-0,471005
0,389894
0,518023
0,342826
-1,14294
0,348643
-0,336154
-0,539136
1,42969
0,319749
0,990455
2,11957
-0,132007
0,787186
-0,52079
1,04946
-0,844265
-0,0120543
1,65491
-0,0033947
-0,525377
2,2141
-1,1269
-0,536503
0,467643
0,947952
-0,0414903
-0,560009
0,724173
-0,446314
0,406715
-1,90065
0,345563
0,665517
1,7016
0,966546
-0,413642
1,37663
-0,792506
0,341204
-2,20988
0,131133
-0,230175
-1,34831
-1,39777
1,8495
1,29898
-1,66001
-0,769749
0,818649
0,346712
2,43314
-0,0154004
-0,535999
-0,826472
-0,123608
2,08353
-0,177171
-1,175
0,389534
-0,0947639
0,406952
1,16998
0,523118
-0,779706
1,76629
0,194477
0,255301
-0,0556707
-1,92734
-0,752645
-0,900604
-1,4025
-1,15142
-1,43383
-0,69535
-1,5404
1,4628
1,43995
-0,30277
0,475867
-0,483377
-0,830773
-0,787473
0,0164555
1,46476
-0,240966
0,105499
0,393283
1,31731
-1,71593
-0,613453
0,100476
-0,2699
2,47516
-0,516188
-0,162767
-0,251066
-0,244119
0,147675
-1,14717
1,60409
-0,577986
-0,738809
0,816752
1,04367
0,000894195
0,873971
0,713414
0,61488
1,00041
0,358608
1,16778
-0,927096
-1,98598
0,261293
0,537978
0,537415
1,01179
-1,65658
0,730902
0,617912
-0,711806
-0,92952
-0,248887
1,38733
0,563269
0,159077
-0,497351
0,483166
0,901184
-0,370733
0,0784431
1,34312
0,534462
-0,154039
-1,58108
1,63207
-0,488168
-0,437606
-0,684636
-0,189949
-1,2631
-0,120419
-0,614099
-1,22908
1,73534
-0,619805
0,0134226
-1,7941
0,340597
-1,3821
-0,225464
0,549455
0,165706
-0,507602
0,30192
-0,532185
0,222027
-0,528071
0,184508
-0,939522
-0,163185
1,26248
0,568631
-0,73426
0,983113
2,06506
1,229
-1,08679
-0,0431245
-0,473349
1,59954
0,722256
-0,680905
-0,0765747
0,326623
-0,546518
1,2441
0,261535
-1,5109
-0,673286
-0,134769
0,416798
0,396013
-0,643981
-0,305711
-1,22237
0,350019
-1,5696
-2,69887
-0,674115
0,105117
0,612562
-2,57395
1,0846
0,464665
1,08165
-0,332219
-1,47608
-0,595239
0,676377
0,266731
1,13882
-1,05262
-1,11331
-0,0639657
-0,697238
-0,550635
1,60449
0,172821
-0,226174
0,234953
0,518751
-0,535542
-0,667568
-1,55912
0,295019
-1,0573
-0,524039
-0,0662162
1,29438
-0,0584488
1,00624
-1,93351
1,31315
0,326985
1,41847
0,140783
0,747655
-1,67702
-1,00561
0,0419077
-0,856194
0,130725
-0,0972557
1,82755
-1,3014
0,820333
0,0281741
0,62702
0,350994
-0,686046
-0,544854
-0,673979
-1,03703
-0,392835
0,364181
-0,211007
-0,736132
-1,15853
0,11059
-1,46246
-1,89056
1,8219
-0,75193
0,00621548
-0,0832468
1,5995
0,477239
1,94747
-2,39893
2,08085
-0,950373
0,306709
1,52059
0,274565
-0,359544
-0,321139
0,0699841
-0,0734432
-1,38972
0,258071
-0,914522
-1,37903
0,0694831
1,14659
1,26383
-0,808636
-1,26888
-0,809757
-1,04966
0,442324
0,877423
-1,34185
0,90503
0,826555
-0,283105
0,179033
-2,07501
-2,61104
-0,381577
0,34792
-2,0653
-1,09298
1,52745
0,676709
-0,367031
0,00991165
0,20526
0,271141
0,330504
-0,214386
0,723175
-0,138316
-1,19808
-1,63952
2,30561
1,75027
0,584675
-0,398659
-0,722183
0,548144
-1,62627
0,75735
1,42117
-1,06869
-0,765158
-1,48243
-0,358483
-0,906612
0,140325
0,584392
0,977935
-0,199799
0,0461962
0,725337
2,05747
-1,23793
0,0548039
0,480417
0,0794465
0,0441993
-1,85702
1,58043
0,0217908
-0,689212
-0,476635
0,00552982
-0,574765
-1,75739
0,360201
0,00398505
-0,568551
1,59423
0,703038
0,63609
0,443292
-1,26985
-0,0606383
2,09592
-0,0255974
0,944265
1,07498
0,0254545
0,42993
0,142919
-0,307509
-0,00948154
0,354002
0,170547
1,85175
0,090685
-0,71342
-0,256152
-1,97617
0,189406
1,89456
-0,175395
-1,6487
0,641707
0,886664
0,388215
0,179921
0,206702
-0,386118
-0,264876
1,09104
-0,41666
0,166932
-0,0510323
-0,0630234
-0,514086
0,157015
-1,57849
0,645944
-0,389333
-0,0346524
-2,10087
-0,256712
0,266247
0,056013
-0,292492
-0,241845
-1,28983
1,41078
-0,827794
-1,05982
-0,965117
-0,168474
0,510109
0,936812
-0,734266
0,170099
0,609873
-0,277061
-0,599981
0,617183
0,623258
0,317713
0,258788
-0,473189
-0,095805
1,2113
0,493994
0,763804
-0,0574607
1,7648
-0,997152
0,224646
-0,674742
-0,498932
-0,20227
1,6951
-0,0381982
0,913623
2,02308
-0,00103672
-0,404097
1,84902
0,0788516
-1,36278
-0,993267
-1,45472
-0,186002
0,954292
1,04364
0,0114862
-1,15804
0,701335
0,341155
-0,417199
0,383987
1,15837
-0,818616
-0,145449
-0,0240623
0,247976
-0,750212
-1,92013
-0,0645572
-1,05066
-1,48013
-0,447551
0,271078
-2,68618
1,07859
-0,526071
2,01596
-0,498083
0,514879
0,218848
1,02247
0,2716
0,163647
1,15135
-1,13983
-0,26377
-2,22592
0,677195
-1,17121
-0,826611
-1,07145
-1,30069
-0,995562
-1,2748
0,0675313
-0,178264
1,19914
-0,601832
0,762271
0,717157
1,12897
-0,890909
-0,257655
0,800094
-0,0625337
0,126315
0,266776
0,86661
0,254446
-0,854969
0,54944
0,175194
0,137801
1,11782
-1,22095
-0,841866
-0,850424
-1,10403
-0,450127
-0,174456
0,518601
0,917014
0,363235
0,199214
-1,47823
-0,315075
0,0604917
-1,2062
0,970155
0,631131
1,05491
0,0261487
1,75448
0,706674
-0,232356
1,25941
-0,360193
-0,394362
1,62379
-0,82945
-1,41688
-0,110804
-1,3895
-0,625624
-0,737295
-0,594646
-0,938287
2,17775
2,46052
0,954673
-0,568264
-0,289827
0,385128
1,32845
0,297555
-0,0862427
0,857696
0,694193
1,24522
0,510294
0,660314
-1,67509
0,977577
-1,44703
-1,83928
0,308856
-0,565208
-0,950011
0,0939563
1,06314
0,255339
-1,11031
-0,917403
1,38592
0,353512
0,213042
-1,22187
-0,122123
1,09023
1,48747
0,276994
-0,582778
0,887645
-0,0966575
-0,420566
-0,434021
0,161647
0,237734
0,576536
-0,995398
0,318674
-0,372868
-0,00459136
-1,05776
0,124047
-0,362808
-0,509051
1,42987
-0,248891
2,51557
-1,1028
-0,207032
1,81251
0,334231
0,663114
-0,832675
-0,364196
0,716257
-1,46283
0,658734
-0,884875
-0,364901
1,24925
-1,6972
0,793076
-0,465852
-0,197108
0,950037
0,511684
0,596253
-1,94331
1,89454
-0,716557
1,61488
0,905293
0,427365
-0,241507
0,697135
2,61431
1,42826
-0,971937
-0,904594
2,86388
0,0471735
-0,155359
-0,025439
1,88718
0,300468
-0,496644
-0,460603
1,02829
0,263605
-1,76312
0,296421
1,0148
-0,240232
-1,04792
-0,759113
-1,89017
-0,6116
-0,466358
0,174378
-0,264767
-0,503081
-3,25504
2,39116
-1,79234
0,90805
0,332778
-0,00185691
1,05242
1,23126
-0,051852
-2,79856
-2,50105
0,178678
2,53282
0,232277
0,276919
-0,344477
0,324924
1,16313
-0,663863
0,152863
-2,34506
-0,511028
-0,840785
-0,439983
0,510841
-0,941457
1,76709
1,01283
-1,38911
-0,284164
0,518967
-0,126372
-1,76153
-0,669113
-2,04892
0,387664
0,871854
2,34815
0,818151
0,440807
-0,763233
0,665431
1,04917
-2,12668
0,00768052
-0,18154
-1,15438
1,15802
0,48165
-1,37074
-0,811463
0,885272
-1,18607
-2,29577
-0,289771
0,32475
0,858308
1,24614
-0,0403712
0,600718
-0,000684999
-0,543138
0,353816
0,914448
0,386821
-1,06734
1,69511
-0,589229
1,72513
-1,57231
0,040153
1,05346
1,79197
1,53776
-0,390338
0,296576
0,407466
-0,366204
1,6646
-2,14219
0,667503
2,77049
0,487692
2,04718
-1,27266
-0,207427
-0,543427
0,158753
-0,208898
1,1071
-1,54416
0,200885
-0,205964
1,21277
-0,283549
0,322222
-0,391167
0,959815
-1,91714
0,962797
0,381178
-0,539473
-0,764322
-0,522388
0,248505
0,190626
-1,32991
-1,45314
-1,32686
-1,04933
2,34937
-1,36438
0,291346
0,281704
-1,19823
0,748456
-0,851738
-0,0146981
-0,270915
0,530854
0,700268
0,464339
-0,0585796
0,890666
-1,07618
-1,63489
0,00371955
-2,10358
0,146236
0,902145
-0,309146
1,25226
-0,458349
0,0122952
-0,76917
-1,01231
0,392657
-0,937542
-2,01275
-0,24604
-0,14416
-0,817871
-0,251017
0,395411
-1,4432
-0,196665
-0,434658
-1,58689
-0,482994
-2,4304
-2,34986
0,933123
-0,30544
-1,84422
-1,88812
0,184291
-0,0341304
-1,02197
-0,0385239
0,971313
-0,116207
-0,955207
0,0944602
-0,645497
-0,423224
-0,320886
-2,73604
0,594211
0,481915
-0,399152
0,851376
-0,761062
0,955394
0,265447
0,00515289
0,929214
0,00686887
-0,953139
1,34039
0,534448
1,1062
-0,0625167
-2,13374
-0,439697
-0,146658
-0,816472
0,356575
-1,05394
1,0229
-0,138202
0,0235642
0,0820066
0,385264
-0,682922
-1,63813
0,246624
-0,400274
-0,600996
-0,374987
0,519005
-0,278945
-1,39177
1,27493
-0,841951
-1,78758
-0,434694
-0,345906
0,425378
-0,257115
0,135048
0,213432
-1,20567
-0,372356
-0,80052
-1,53316
-0,667764
0,740003
0,686735
-0,687171
-0,135962
-0,523883
-0,103152
0,912046
0,548487
-1,79987
1,25988
-1,04865
0,0358445
-0,549421
-1,76392
1,6989
-1,66848
-0,00710167
0,248101
1,01069
0,236582
-1,3085
0,897674
-2,18705
0,837118
0,243197
-0,644662
-0,319979
-1,92
-0,965647
-1,19309
2,00922
1,35895
-0,263295
0,560294
-0,363084
-0,610893
-0,408184
-0,849674
1,01184
0,864057
1,1046
0,709776
0,200147
-0,412738
0,953714
-0,569947
1,76121
0,0462895
0,768877
-1,01413
-0,4022
-0,753019
-0,752062
-0,0208909
-2,11694
-0,792585
-0,264135
0,274911
2,10463
-0,899346
0,571962
1,74666
0,380752
0,328428
-0,225081
-0,535986
0,199822
-1,37304
-0,0347633
0,974181
0,943694
0,25941
0,875588
-2,23887
-0,342438
-1,40035
0,1694
-0,315604
-0,0201587
0,407277
-0,836818
-0,36843
0,832727
0,102705
-0,509883
0,41553
-1,00912
1,55174
-0,388315
-0,656625
-0,34884
-0,197651
2,10428
0,219972
-0,341052
-0,644413
0,198438
-0,354689
-2,45483
-0,246348
0,171594
0,654786
1,06418
-1,30367
-1,52826
-0,31894
-0,406562
0,161353
0,974332
-0,188153
-1,03272
1,04695
-2,71463
2,29631
-1,10085
-1,8013
-0,202317
0,451578
-1,87526
-1,51264
0,420242
1,21577
-0,680948
-0,475449
-0,195153
0,646998
1,55052
1,17451
1,31238
-1,46788
0,612274
0,808785
1,23772
-0,0209933
0,496767
-0,558527
0,266493
1,17387
0,984036
-1,63606
-1,26798
-0,153651
-0,144192
0,260912
0,016426
-0,13273
0,573434
0,289329
0,51123
0,776977
0,58692
-0,323185
0,836967
0,64443
-0,319059
-0,193493
-0,312777
-1,51611
-1,64134
-1,00038
0,38179
-1,07453
-2,357
-0,456893
0,336206
-0,564912
-0,775982
0,372119
-0,706263
-0,828295
-2,54609
0,724704
-0,776468
-1,38996
0,715669
0,637193
0,380502
1,05838
1,34436
0,950316
0,930898
0,342341
-1,40675
-1,34854
-0,159576
0,626109
0,0857848
0,313057
1,43907
0,378596
1,27987
-1,5578
1,38342
0,415399
-0,782709
0,95298
-1,31833
0,334434
-0,0227415
1,62793
-2,86215
-0,587539
0,567641
1,14979
1,79865
-2,18688
-0,580613
0,494769
-0,0652569
-0,360695
-0,809311
0,263631
-1,67048
-1,24355
1,61534
0,895872
-0,502552
0,79458
-0,837154
0,337032
-0,469195
-0,615793
-0,526278
-0,670368
-0,188082
0,544971
0,119036
0,857829
-0,242581
1,5012
-1,5118
-1,37583
0,462168
-0,434903
-0,907164
-1,41003
1,3348
0,421147
-0,21554
-0,0856892
0,482135
-1,88605
0,707793
0,149542
0,652739
0,838718
-1,94291
-0,831822
-0,327022
-0,58744
-0,103268
0,80691
-0,322365
-1,16055
-1,6423
0,0544634
0,0954771
0,605273
0,0845656
-1,08984
0,889611
-0,504565
-0,8369
1,02423
0,00541465
-0,381707
0,241505
0,769904
-0,364552
-1,8233
0,94617
0,554146
0,913199
0,5926
1,5007
-0,450034
-0,152695
0,682215
1,0906
0,151532
0,611279
0,19701
0,421075
-1,51182
0,37799
-1,07643
-0,597931
-0,257383
-0,757051
-1,09974
-0,00817089
-0,30472
-0,620175
-0,312715
-1,11519
-0,0205862
-0,541237
0,678774
0,603706
-0,515637
-2,69946
-0,379558
-0,297396
0,115491
1,60301
-0,117002
1,04065
-1,4101
0,871728
0,274298
0,204561
-1,23684
-0,590506
0,0671042
1,87459
0,726844
-0,260816
-0,222942
0,996282
-1,11343
-0,27057
-0,610706
2,02413
0,10689
-1,39199
-0,110648
-0,617597
-1,49728
-0,978608
-1,07402
-0,497185
1,06531
1,49972
-0,155402
1,62126
0,867372
-0,131884
0,490386
-1,78361
1,31469
-1,18459
0,538878
0,289638
-0,31823
-0,141569
-0,334082
-0,172492
-0,963203
0,336525
0,814403
0,188143
-1,20364
0,515972
-1,44459
0,00894893
0,336552
0,713909
-0,0618967
-1,3744
0,523371
-0,0152172
1,1161
-0,555152
0,247676
0,743147
-0,0419075
-0,484785
-0,330015
-0,713007
-1,57153
-1,1075
-0,621843
-0,0217899
0,119005
-1,39288
1,30779
0,955372
0,464894
-1,18308
0,0186125
-1,48272
-0,874118
0,179125
1,02664
0,890205
-1,76776
-0,105195
-0,110342
1,39858
-1,20913
0,6689
0,173469
0,919868
-0,783929
1,33083
0,476125
0,897571
0,675657
0,358433
-0,980507
-0,905943
-0,710652
-0,890801
1,34323
-0,163604
0,125399
-0,889621
-0,987078
-0,263308
-1,84579
-0,35563
1,42186
-1,68996
1,47698
0,202861
0,453417
-0,699108
-0,840704
0,250722
-1,05501
0,481824
0,438827
-0,260257
0,721365
1,08304
-2,17273
0,841445
0,347852
0,148645
1,56592
1,4311
-2,4043
-0,871052
1,63958
0,582803
-0,0682223
-1,08632
-0,607546
-0,101924
0,658075
-1,37458
-1,41349
-0,299942
-0,826588
0,0636584
-2,22048
0,559691
1,05682
0,641096
-0,83633
-0,814924
0,0661259
-0,95415
-1,44664
-0,837202
-0,161913
-0,610966
-0,323377
0,798789
1,64595
-0,25367
-0,421274
-0,986498
1,02396
0,475937
-0,266634
0,0120097
2,41421
-1,15563
1,22892
-0,955715
-0,975863
0,307842
-0,2927
0,308054
0,0602528
-0,423661
-0,741061
1,08628
0,406932
-0,230098
0,150146
1,91946
-0,102459
1,35381
0,961031
0,133206
-1,56825
-0,609998
0,725139
-1,19489
0,622455
1,86848
0,727996
-1,7446
-0,183137
1,04213
-1,25328
-1,49013
0,58061
-0,011006
0,948128
0,878678
-0,0101751
1,36641
0,643195
1,91957
-1,31984
0,919985
-0,0158915
-1,11294
0,420213
0,304731
0,725641
1,08805
1,30616
-1,59169
-0,520952
2,7502
-0,36437
-0,0431443
1,21961
1,52234
0,0627269
-0,440397
-0,522278
0,832524
0,982453
-0,609216
-0,137481
0,0645225
1,85925
-0,490898
-0,491674
1,09273
0,682978
-0,70688
0,886711
1,11267
-0,430943
-0,0934936
-0,241483
-0,154272
1,2191
-2,32661
-0,499422
1,42144
0,870734
0,781431
0,949418
-0,384602
-1,04042
0,970894
-0,776263
0,318548
0,436338
1,1275
-0,531468
0,0131517
-0,79433
-1,24264
3,19672
0,740983
-1,03062
-0,0476271
0,043568
0,846772
-0,866094
1,44015
0,42859
0,461756
-1,52199
-0,640373
0,105058
0,848027
-0,56624
1,64355
0,838995
-0,783399
0,0943794
-1,03691
-0,859666
-0,871995
-2,04438
2,95138
-1,1763
-0,148653
0,842858
0,232632
0,090129
1,11672
-0,321782
-0,560241
1,37831
-0,322259
0,209253
-1,23193
2,01472
-0,149215
-0,905501
-0,469559
-0,391552
-0,105723
1,49407
0,637489
0,472148
-0,627396
-1,07606
1,53856
-0,381868
0,477599
0,841601
-2,19901
-1,40464
-1,25448
0,300396
0,523187
-0,818517
1,45756
0,230026
-0,202758
0,860585
1,58893
-0,28111
1,35595
-1,59005
0,72248
0,453689
-0,640807
-0,946656
-1,15636
-0,597249
1,62736
0,794513
0,0149544
1,52411
1,05756
0,749551
-0,636535
2,21931
0,26074
0,36021
-1,51112
-0,182831
-1,67061
-0,232414
-1,04604
-1,00065
-1,88177
1,13967
-2,57484
-0,684082
0,364459
-0,166666
2,62686
0,586611
0,270326
-0,516604
0,412517
0,947796
-0,872931
0,676244
-1,54968
0,672961
0,639076
0,866711
1,68858
0,473087
0,174376
0,765721
0,752896
0,34202
-0,694044
-0,550664
-1,96198
1,57423
-0,652296
0,8184
-0,101558
0,67068
0,635039
-0,253858
0,871956
-1,26865
0,17848
1,03618
-0,630571
-0,137511
0,973993
0,297972
0,730396
-0,607315
-0,271927
-1,32695
-0,220891
1,54562
-1,05512
-1,01915
0,704364
0,385983
-0,717725
0,0507498
-1,03037
0,0316787
-1,71702
-0,200823
0,736263
-0,109608
0,675874
-0,951848
0,306232
0,683899
-1,16783
-0,131169
-1,24834
0,993374
0,382264
0,627749
0,744653
0,104443
-0,960101
0,424065
0,638107
-0,241533
0,997902
0,514181
0,353374
1,49823
-0,307316
-0,725659
-0,994277
-0,23458
-0,189577
0,691658
0,836828
0,537548
-0,499828
-0,778623
-1,40701
-0,890928
0,344959
-0,860874
-0,846015
-0,287713
-1,19326
-0,804647
-1,09075
-0,585242
0,0219407
1,212
2,45507
0,127471
0,939509
0,975176
-0,00144767
0,237513
0,356283
0,387344
-1,65482
-0,152347
0,0781663
-1,11217
1,85215
-1,75136
-1,30218
1,01106
1,49214
2,53689
0,51831
-1,03972
1,66048
-0,0464598
1,49534
0,468806
-0,48758
1,01195
-0,180738
1,45251
-0,508538
-0,782202
-0,763191
-2,7769
-0,512956
-0,562398
-0,716914
1,72756
-0,340659
0,405069
0,258065
-2,69716
0,325401
1,43396
0,581744
-0,220476
-1,43505
0,0201786
-0,843603
-0,129387
-0,342092
-0,749403
-0,288446
0,203767
0,477786
-1,13786
-1,06052
1,51341
-0,535268
0,0565764
0,444231
0,106985
-0,451262
-0,724176
1,39192
-0,420227
0,0426959
0,155811
-0,722635
0,570398
-0,0183894
0,667237
0,719033
1,2354
1,48539
-0,268184
0,637881
0,495546
-0,956522
0,920105
-1,92492
0,297796
-0,511107
1,1506
0,598693
-0,341433
-0,378391
-0,613375
-0,148784
0,415193
0,014027
0,56127
-0,401202
0,422964
-1,12519
0,48244
0,26303
0,105803
0,829087
-0,647685
-1,00263
-0,759075
1,14151
0,610232
-0,58465
-1,61157
1,33222
-0,378404
-0,112699
-0,320878
0,662608
-1,11488
-0,741155
1,59432
0,0509508
-0,0913904
0,063398
-2,13649
0,635608
-0,113469
-0,514172
0,0278071
-0,0130549
1,1893
-0,736235
-0,179543
0,653882
-0,523522
0,977736
0,833798
0,0785052
0,406253
0,319877
0,0706276
0,773228
-1,22354
-0,646298
-0,79084
-1,45282
0,0913084
-1,29502
-0,143896
0,0237438
-0,953401
1,93936
0,697996
3,31951
-0,212481
-0,356019
-1,29116
-1,31149
-2,064
0,081676
0,148902
1,14193
1,47176
-0,977993
-0,910358
-0,378409
-0,388898
0,717499
0,808175
0,6233
0,337567
0,621305
-0,0994052
0,0995307
1,21005
2,20275
1,64498
-0,0155044
-1,24802
-0,117626
2,50634
1,19041
1,39161
0,354676
2,13997
0,423286
-1,85139
-0,458033
-0,668213
-1,63627
-0,282446
-0,513743
-0,523584
0,485525
0,496755
0,234359
-3,13797
-0,153929
-0,236147
-2,15242
-0,498123
1,16486
-0,421857
-0,446844
0,449225
0,80935
1,86931
0,280682
-1,91903
1,28267
0,152927
1,21811
1,92169
0,784779
1,3912
1,30529
1,60175
0,956255
-0,383109
-1,2686
0,90851
-0,565896
-0,648793
0,32811
0,640769
-0,177735
-1,54132
1,32203
-1,78935
1,10527
0,0690716
-0,364038
0,492355
0,801157
-0,570171
1,02976
-1,82282
-0,425591
0,00209337
-0,547365
1,21077
0,348932
0,833213
-1,00284
-0,771286
1,46227
1,23392
0,0672712
-0,54621
0,509625
-0,826939
0,968245
-0,344372
-1,67732
0,385213
0,608037
-0,701833
0,387575
0,688437
-0,660737
-0,633126
-0,404345
-0,430898
0,752571
-0,320634
0,257094
0,787251
-0,410173
0,763707
-0,489115
0,79824
0,0367764
0,448135
0,562969
0,505758
1,98567
2,07955
1,30505
1,18694
-0,423565
-0,536707
-0,261601
-1,67065
-1,93495
-0,754177
0,322359
1,75623
0,0349002
0,906687
0,723933
-0,440612
0,411582
-0,395525
-0,010427
0,0579721
0,198532
-1,64061
0,144293
-1,65891
2,22366
0,972883
-1,18326
-2,14563
-0,104435
-1,37045
-0,548941
1,15528
1,42357
-0,211945
0,467116
-0,142214
0,631348
-0,503901
-0,0750345
-0,3419
-1,76459
0,824169
-1,16934
2,00122
-0,10945
0,356518
-0,102516
1,18021
-0,166737
-0,0284658
-0,742573
0,949791
-2,02508
0,200503
0,0532202
-0,761135
0,210203
1,39719
0,1183
1,02711
0,384553
0,343606
-0,824935
-0,107056
-1,1649
-0,254819
-0,0964974
0,186238
0,782668
1,24009
0,368194
1,23737
-0,280735
-1,5795
0,316337
0,00682905
-0,0910915
0,673251
-0,214892
-1,83434
-2,36035
-0,541911
-1,84168
0,300775
-0,812361
-1,14188
1,06042
-0,379302
-0,0632972
0,530524
0,340367
0,770319
-0,72678
2,73989
1,81686
-0,451189
-0,843506
-2,40484
-1,60928
-0,196573
-0,581792
-0,630794
0,862967
0,278248
-2,17919
0,659145
-2,30801
0,189429
-0,558574
0,954877
0,0855245
-0,688567
-0,600845
-0,233386
-0,106151
-0,514173
-1,07644
-1,41288
0,540581
1,60679
-1,28451
0,626169
-0,189367
-1,37207
-0,0394195
1,10762
-0,713442
0,67063
1,86495
-1,60172
-0,451847
0,53563
-0,213729
0,221308
0,318751
-0,615924
-0,520407
0,573109
0,657394
-0,853951
0,599806
0,186133
-0,227717
-0,689586
1,76222
0,12882
-0,143853
-0,892113
-0,146537
0,720765
-0,171155
0,912267
0,468925
-1,45642
-0,00152508
-0,462018
0,478042
-0,246369
0,268995
-0,518231
-0,189657
0,522005
-1,93711
-1,7493
1,06248
0,466711
0,319006
-0,0884339
0,207272
1,73405
-3,07714
0,386536
-0,175246
1,15976
-1,02303
1,36431
0,933594
-0,760816
0,181852
0,115566
-0,524506
0,750347
-2,92454
-0,0359659
0,0899952
-0,245611
-0,805535
0,262229
0,414483
0,899404
-1,49895
1,00994
-0,0212129
0,483012
0,494263
0,552882
0,794943
-0,296496
0,705337
-0,613735
0,752924
-0,708312
0,861077
0,11872
-0,414183
-0,727347
-0,833159
-2,45565
-0,758115
0,00919182
-0,593902
2,66689
-1,2124
-0,267474
0,580435
1,24519
-1,05752
1,84424
1,01559
-0,732504
1,01876
0,650417
-0,913529
0,0607023
0,514823
0,70475
1,09773
-0,608663
-0,0843447
-0,770267
1,29947
-0,936046
1,25923
0,621118
0,504008
-0,205237
-0,658524
-0,0925638
-0,129828
-2,05429
-0,8109
1,85794
0,809115
0,368756
0,139166
-0,379559
2,83296
-1,44572
-0,194904
-0,28315
-1,68489
-0,870008
-1,56051
0,951723
-0,837541
0,501548
1,03387
-1,29508
-0,16378
-1,17778
-0,238074
-0,340303
1,385
-2,39223
-1,45123
-1,47933
-0,692273
-0,159703
0,704107
-1,00212
-0,271752
-0,867841
0,783607
2,46593
-1,41493
0,678837
-0,161167
-0,503928
-0,735625
-0,94391
-0,251948
-1,49271
-1,60113
-0,91204
1,30745
0,684786
-0,278292
1,22129
1,35044
0,00662417
2,20211
0,827435
-0,0487819
-1,46827
-0,760286
-0,663473
0,817484
-0,139548
0,409252
0,451093
0,346792
0,308994
-0,136876
1,369
-2,11895
0,590942
-0,321076
0,496783
-0,621736
0,190992
0,186831
0,13714
1,17689
-0,115546
-0,100037
-1,12386
-1,26921
-0,54297
0,0536288
-0,952477
1,34999
0,270447
0,234617
-0,121388
-0,0762054
-0,0263423
0,517118
-0,016782
0,667776
1,81512
0,643609
0,768296
0,627298
-0,370049
-1,89027
-0,36805
0,577285
1,71546
-0,0241454
0,760674
-0,398418
-0,155749
1,7704
0,564246
-0,019275
-1,76792
0,659196
0,518532
-1,48766
0,263987
-0,264616
0,929713
0,584371
0,553051
-0,642835
-0,619074
0,926956
-0,0329978
1,30471
0,929631
-1,11827
-1,36269
-0,722388
-0,846198
0,939211
0,217006
-0,540465
0,900536
1,05995
-0,00935663
0,415829
0,0716029
-0,992482
1,06257
1,34982
0,271944
0,724847
0,311944
0,331428
-1,29385
1,35278
-0,126987
0,956844
-0,00242584
-1,72652
-0,509277
-1,9508
-1,3018
0,354004
1,33531
1,52067
-0,551084
0,948564
0,266223
-1,00894
1,12922
-0,401486
-1,06047
-1,27059
-1,3543
-0,451914
0,218511
-0,284565
0,172547
0,664584
0,761551
0,974842
1,3055
0,906412
0,137719
1,17937
0,204869
0,453082
0,915462
-0,692191
-1,71799
0,635338
2,46482
-1,3328
-0,690363
-0,192982
-0,776983
0,296319
0,479859
-0,799418
0,724884
-0,717022
1,12984
-1,21464
0,0728635
-1,43485
1,25037
-1,62993
0,655496
-0,705237
-0,698213
2,5743
-1,86609
-1,25775
-0,603901
0,0617061
1,87389
1,58678
2,45168
-0,174376
-0,0440529
-0,444941
-0,218512
-1,47592
-0,567822
-0,417895
-0,365636
-1,88858
-1,56127
-0,293612
-1,09794
1,03502
-0,947617
-0,142193
0,633601
1,2078
0,265804
-0,246509
-0,0756404
-0,919791
2,25084
-0,501187
-1,29501
-0,0681882
-0,477808
-0,656016
0,77517
-0,665893
-1,29528
-0,609492
-1,08421
-0,0533307
-1,6351
-0,784461
0,721962
0,497505
-0,366927
0,281379
0,273081
0,397177
0,119848
0,582071
0,695786
0,272538
-0,933501
-1,24249
0,0612324
-0,491835
-0,318975
-2,14125
0,534451
-0,25176
1,48694
0,714295
0,623453
0,0555331
-0,541862
-1,01267
1,5776
-1,85985
-0,483629
1,30007
0,602322
-1,27914
-0,0189835
-0,302476
0,967692
0,633539
2,03255
0,512608
-0,0425147
-0,654618
1,21238
-1,23542
-1,03958
-0,406866
0,916879
-0,180823
0,034485
1,40168
0,423169
0,223125
1,24052
0,456542
-0,0623961
0,875008
0,0828321
1,61446
-2,14236
0,47666
0,390579
-0,0645753
0,523061
-0,264179
-0,179284
-0,479214
1,49655
0,0313288
0,711667
1,20656
-1,21542
0,178572
1,24397
0,339924
-1,46987
-0,742536
1,31087
0,0360383
-0,118412
-0,78562
1,21965
0,202687
0,205972
2,2943
0,620669
-0,0238454
0,810786
0,461236
0,818876
-0,346302
-0,523846
0,159105
-1,58007
-0,53869
-1,77723
-0,466071
0,948952
0,49509
-0,244688
-0,0290443
-0,0909999
-0,43468
-0,95755
-0,538149
1,23316
-0,276925
-0,231886
1,61112
0,169755
0,191511
0,346209
-0,453017
-0,880412
0,806437
1,16698
-0,969621
-1,03867
1,23287
-0,541321
-1,04617
-0,871453
1,04938
1,04873
2,10817
-0,668049
-0,692444
-0,280561
0,261401
-0,161401
0,597405
1,37613
-0,728802
0,770044
-0,82023
-1,53853
-2,66388
1,26051
0,707425
0,392926
0,0161336
0,903555
-0,94056
-1,13705
-0,136985
0,140795
1,40922
0,290564
1,7341
-1,71082
-0,262768
2,1244
1,03364
-0,567692
0,142687
-1,37554
-1,06293
0,850256
-0,956149
-0,278764
0,766016
0,856507
0,97729
-0,942884
-0,373697
0,529321
-1,19323
1,75705
1,46416
-1,29024
-0,826966
0,493231
-0,727945
0,552185
-0,757999
-2,19146
0,250326
-0,353643
1,55335
0,650865
-0,594456
1,14655
-0,726348
-0,312406
0,711437
0,985326
0,39946
-2,43016
0,163679
-0,138602
1,5794
0,507983
0,743774
0,96625
0,647624
0,53233
-0,453248
0,831444
0,435065
-0,190201
0,456655
-0,758027
-2,13078
-1,17016
-1,38413
1,29338
-1,31509
3,12238
1,94127
-1,08036
-0,395844
-0,488882
0,183895
0,329763
0,516987
-0,118979
-1,20252
-0,954415
-0,975378
-0,875386
1,89676
1,60545
-0,139799
0,139407
1,68981
0,527369
0,479222
-1,35995
0,230379
-0,122436
-2,84398
1,27349
1,86559
-1,2965
1,02532
-1,27298
-1,29737
-1,84147
-1,08286
-0,175482
0,232977
0,12062
3,41447
1,14278
0,977925
-0,874218
-0,386597
-2,04069
-0,384916
0,385595
-1,02379
2,80193
-1,92938
-0,323759
-1,83558
-0,391627
-0,0273173
-0,0361233
-0,588771
0,312986
-0,472891
-2,77056
-0,610107
-1,02718
0,801642
0,0125806
1,77866
-0,172588
1,07327
-0,809891
-0,468069
0,0819446
-0,457173
0,583034
0,194954
-0,902179
1,0608
0,249124
1,5725
0,261449
0,0869753
-0,952869
-1,31883
-0,220328
-0,378602
0,105981
0,960037
0,962882
-0,708089
-0,058514
1,11126
-0,615634
-1,85054
-1,52573
0,762497
-0,480289
-0,805215
-1,51147
1,26764
-1,011
0,116267
0,517466
-0,468475
-0,119516
0,0807278
0,635835
2,16951
0,0723233
1,11423
2,53911
-0,049408
-0,352148
0,0516927
-0,0848736
-1,02153
0,846233
-0,0956066
-1,24762
0,829694
-0,37222
-0,309646
-0,26777
1,26889
-1,66597
0,506763
0,988311
-0,295379
-0,566618
-2,39666
-0,274236
0,946422
0,484462
-0,533161
1,54898
-0,335388
1,45942
-3,11235
0,878535
0,992514
0,200919
-2,1357
0,0614199
-0,03946
-1,6629
0,190104
-1,37431
0,0596761
-0,998328
0,485815
-0,442988
0,196967
0,720768
0,451635
0,0552306
-0,737623
0,521473
-0,807272
-0,389412
0,0502875
0,0966861
0,414681
1,33669
-0,90073
0,0262107
-0,192204
-0,22374
2,41988
0,470492
0,0624738
0,608072
0,49486
-2,01908
1,34381
1,05945
-0,301343
0,739753
1,50049
-0,20911
1,4665
-0,892095
-1,61682
-1,63387
-0,906223
-0,441658
-0,0259131
0,453467
-0,791584
-0,680591
-0,787632
-2,66613
-0,210017
0,282834
1,32409
-0,882809
0,19718
1,27151
1,1214
-0,302339
-0,713228
1,16678
-0,732804
-0,421041
-0,422761
2,27079
0,0536836
-0,995628
0,854867
0,0182876
0,326121
0,21626
-0,534306
-0,186488
0,484873
-0,112557
2,41171
-0,507229
0,530385
-0,458396
1,04254
1,42626
-0,264566
1,51958
-0,37062
0,0679809
0,72905
1,64547
-0,236361
-0,247194
0,271259
1,69778
-0,437046
0,723041
-0,304295
0,492909
-0,131619
1,17427
-0,0143689
0,00640122
-0,796027
-2,30494
0,943948
1,10719
0,264419
-0,231911
0,0283642
-0,497978
1,67703
-0,473249
0,209581
0,0774015
-1,56141
-1,00904
0,235271
0,811056
-0,0622616
1,04943
0,505679
-2,50501
-0,64176
-0,742867
-0,862484
-0,622658
0,918495
0,551081
-0,914617
0,809279
-2,2662
-1,41666
-2,54826
1,66573
-2,90664
-1,3864
0,460601
1,37951
1,35582
-0,607212
1,42779
1,12718
-0,0816744
-0,170363
0,102384
-0,0505846
-1,46557
1,02964
0,572606
1,74553
-0,139403
-0,106567
1,28833
0,786225
0,810264
-1,80916
0,142026
-1,19305
-1,12849
-0,901782
-0,797296
-0,36149
0,0673709
-1,24186
-0,641289
-0,238629
-0,617356
-2,18495
0,554417
-0,476523
1,69554
-1,4116
-0,625267
0,94983
0,698211
-0,857309
0,324993
0,180917
-0,269386
-0,515539
1,25354
0,202162
-0,185274
1,18807
0,384866
-1,92196
0,598644
0,582857
0,104522
0,511846
1,29923
-0,226593
-0,500772
-0,356969
2,24915
-0,536567
2,53731
0,292112
0,168539
-0,0883319
-0,34263
2,35222
-0,0776408
-0,347556
0,979604
-0,168535
0,230982
-0,952041
-0,96171
-0,56978
0,534743
-0,733939
-0,397456
1,56674
0,164346
-0,174634
-0,251098
0,00840183
0,592507
0,0244095
-0,0617275
-1,25219
-0,444477
-0,756259
-0,174093
-0,125203
0,476971
0,179081
0,720492
0,714247
-0,93118
-0,339211
-1,23579
0,120284
-1,51003
-1,41264
1,01916
0,427479
-0,895303
0,984281
1,07071
0,320252
-0,0359057
-0,495423
-0,180458
-0,0544641
0,964162
0,530506
-2,07415
-0,147953
0,966156
-1,11728
0,680469
1,43909
0,649718
-0,744254
0,66069
-0,0038839
0,6119
0,8729
0,623151
0,487024
0,312714
0,469801
0,0737986
0,243228
-1,07709
-1,93091
-0,106804
0,606868
-0,944328
1,2432
-0,277714
-1,49847
-1,37094
1,75249
-0,838345
-1,96561
-0,398014
0,217772
-1,05997
1,65422
-0,402813
-1,81485
1,03552
-1,161
-0,337924
1,00918
-0,893923
1,588
1,03742
1,9382
-1,10978
0,477974
-0,903161
-1,48353
1,39676
1,49442
-0,58581
-0,973777
0,362496
-0,949889
0,7343
-0,988557
0,395296
-1,9824
1,42098
0,436493
-0,399232
1,13499
-0,670936
-0,128026
0,945401
1,24886
-3,05796
1,16078
-1,36897
-0,967801
-0,759493
1,52523
1,25359
0,359347
-0,320134
0,397034
-0,745701
0,0674618
-0,411943
0,202263
1,81392
-0,678194
-0,485914
-1,64205
-0,832174
-1,03389
0,783935
-0,95748
-0,313265
-0,166541
0,293594
-1,2833
-0,269958
1,19546
-0,806511
-1,06096
1,03861
0,254397
-1,93224
0,726355
-0,0331818
-0,943966
-2,99751
0,993295
1,9095
-0,178173
-1,41857
-0,424293
-0,31856
-2,17417
0,226144
0,385884
-1,56826
-0,786159
-0,567698
0,318463
0,0919997
-1,07254
-1,85543
-0,701741
-0,385952
0,259233
1,88326
-0,736279
-1,04419
-1,56446
-1,24548
-0,765736
-1,36706
1,24533
-0,0295122
-1,77498
1,77268
0,124937
0,411162
-1,01592
-0,212314
1,18332
0,844039
-0,434756
-0,471814
-1,52179
0,133614
-1,58424
1,15661
-0,724587
0,843094
-0,384834
2,58131
-0,947207
0,548931
-0,719886
0,224107
-0,0333399
1,59844
2,26222
1,70366
1,68283
0,539379
-0,672252
1,61722
0,141435
0,652328
0,605149
0,985479
0,343973
1,94899
0,832433
-0,629395
1,3838
-0,0385403
-0,655152
0,821162
-1,67628
-0,392641
0,261532
0,0837166
-0,425248
0,476399
-0,630438
0,773596
0,835802
2,2776
0,861702
-1,26625
-0,26248
-0,111991
0,406257
1,44121
1,12194
3,39058
1,20189
-0,280178
0,342326
1,18461
0,746639
-0,82094
-0,361016
-0,319085
0,805453
0,839633
-1,21182
0,123297
0,741064
1,37058
-0,423301
2,72881
1,63878
-0,862652
1,62675
-0,253745
-1,4555
0,774601
-0,542938
0,074617
-0,666684
0,473527
0,258875
-0,506394
-2,29946
1,44074
-1,36568
2,68715
-0,566525
-0,449335
-0,772332
0,327207
0,265507
0,0585198
-0,464707
-0,658683
0,960333
-0,611791
0,128213
1,47999
-0,307124
-0,690182
-1,56528
0,143422
-0,0916138
-1,815
0,250602
0,136057
0,374633
-0,121749
1,65568
0,33553
0,597491
1,10903
-2,21697
0,982437
-0,757236
-1,68655
0,195456
1,52555
-0,234517
-0,729047
-2,35983
-0,723955
-0,00721807
-0,214471
-0,446299
-0,307488
1,0315
0,811266
-1,93195
-1,10579
-0,870299
0,246568
-0,685668
0,379087
0,850149
0,936093
1,7414
0,818315
-0,738194
-0,0690486
-1,55341
0,952401
0,0478942
0,116346
-1,25897
-0,48523
-0,566487
-1,48403
0,465639
0,0978133
-0,468595
0,247781
-0,0966553
0,739224
-0,650655
1,10171
-0,227123
-1,04864
-0,917706
-1,05866
-1,17286
-0,185485
0,894624
1,03129
1,42561
1,70904
-0,982416
0,650234
-1,37083
-2,49652
0,536747
0,00841501
-0,323083
-1,93312
-0,213664
2,00924
1,71621
-0,192327
-0,593002
0,144012
-0,0479918
1,54627
-1,27846
-1,11206
-2,46518
0,712634
-0,758378
-1,21628
0,0419577
-0,674183
1,20298
-0,356561
0,373277
-0,677668
0,587445
-0,136723
-0,283894
-2,28748
1,61687
0,485487
1,0285
-0,327929
-1,40506
-1,65471
0,321176
1,23367
-0,237211
-0,373307
0,734428
-0,439333
-1,26688
0,216843
1,16533
-0,683856
0,352346
-0,570592
0,265087
0,158945
-0,757165
-0,786852
0,239511
0,870422
-0,688776
-0,0521164
0,755439
0,438374
-0,652121
2,19413
0,275236
-0,962426
-0,193828
-0,762539
0,0944221
-1,055
-0,314032
0,467886
-0,17499
-0,677808
0,530653
1,08388
0,0214492
0,409175
1,24752
0,447155
0,720809
-0,870579
0,447565
0,439002
-1,13039
-0,132655
1,58206
0,729304
-2,3946
0,871103
-1,57969
-0,126069
0,85902
-2,12779
-0,0789664
0,895528
-0,0447736
-0,551173
0,430024
0,848245
0,110395
-0,349203
1,14361
0,0542898
-1,26215
-0,896319
0,0747767
-0,389906
-0,520895
0,490606
1,64618
-2,48503
-2,18526
-2,4803
1,47962
-2,3956
-0,0392665
-0,809243
1,0195
-0,841062
-0,939801
0,117195
-0,605779
-0,569015
-0,0757662
-0,235799
0,372624
0,479958
0,0227088
0,296769
0,104863
-0,982094
0,505735
0,0546558
0,448239
-0,742289
1,53459
0,183102
0,215261
-0,258737
-1,68024
0,831035
0,0641535
-0,00698785
-0,837896
0,894442
-0,82247
0,169944
0,313224
0,699708
2,22076
0,184634
0,250865
1,2442
-0,542195
-0,257772
0,983706
1,04409
-0,145069
0,132916
0,321313
-1,11976
0,387977
-0,662492
-1,286
-1,33804
1,45494
-0,0518311
1,88414
-0,136169
0,125399
0,204222
-1,9266
-0,567546
-1,47828
0,382284
0,518943
-1,07698
1,58831
-1,40084
0,743692
1,65825
-0,639235
-0,873678
1,37507
1,02967
-1,30855
-1,41782
1,08369
-0,497711
-0,317562
2,00306
0,589304
0,438632
-0,790703
-1,78297
-2,72238
-0,5788
0,774457
-0,433225
-0,898432
-0,936954
-0,0889652
0,519187
-0,0668142
-0,783731
-1,79307
0,425224
0,0232751
0,221399
-1,4541
1,62538
1,31973
-0,157981
0,901423
-0,0408663
-0,672395
-0,519108
0,907082
1,58967
-0,601356
-0,535263
0,417643
-0,079529
0,452739
1,08279
0,747156
-1,36556
0,223161
0,456224
-0,533884
-1,44278
1,21761
0,709144
0,311086
0,167138
0,189565
-1,27657
0,165509
-1,46865
0,232717
0,109324
1,03714
0,0893438
1,00319
0,142679
0,796657
2,35769
-1,41282
1,56257
0,502537
0,041924
-0,0331841
-1,16584
-1,12818
0,865061
-0,611337
-1,52008
-1,39103
-0,763974
0,455865
1,94355
3,00287
2,04045
-0,86365
1,19571
-1,04856
1,87614
-0,546962
0,0767923
-0,0295753
-0,254666
-0,627561
-1,14586
-0,792063
0,792125
-2,02514
0,113549
-0,406734
-0,0554264
-0,694784
-0,167218
1,19056
-0,39444
0,00108707
2,08305
-0,742494
0,258365
1,23178
0,638064
0,137923
-0,180227
-0,535199
-1,29326
-1,41153
-0,354806
-0,375915
-1,08768
-0,399743
-1,73959
0,653973
0,00201757
0,854078
-1,11839
-1,77637
-1,86656
-0,592752
-0,237889
-0,62478
0,703529
1,59803
2,39148
-0,147235
0,857573
0,122864
-0,725739
0,530204
-1,96151
0,138707
0,205361
0,210904
-0,866902
-0,0601382
0,569069
-1,07251
0,702127
1,01069
1,25144
-0,0830683
0,0798019
-0,4476
0,808451
0,231614
1,15311
1,21822
-0,169639
0,991909
0,926196
1,98495
0,955521
0,213765
0,597541
-1,27096
0,192929
-0,9416
0,470013
-0,765764
-0,318424
0,0239444
-0,286507
0,642414
0,6923
1,22803
0,284743
-0,542126
0,305586
-1,04832
0,877231
0,450535
0,414288
0,858328
-0,0768644
-0,69262
-1,10738
-0,824006
-1,24467
1,38608
0,0933535
-1,00103
0,14902
1,38403
-1,37657
0,416863
3,0484
0,489722
1,77961
-0,6712
-0,385057
0,24243
-1,67628
-0,93586
-0,81075
-0,289041
-1,06356
1,90516
0,517182
-1,17329
-0,115123
0,877193
0,644816
-0,294966
-2,46034
2,14827
-0,32132
0,143999
0,447116
1,76572
0,399678
1,89224
0,48321
3,10774
-0,429376
0,797909
-1,07128
-0,0989161
1,94191
1,33671
0,145708
-1,10994
0,588672
-0,0543605
-0,747868
0,273787
0,548499
-1,38371
0,704778
-1,62039
0,58014
1,03845
-1,7544
-2,4478
0,728396
-0,154345
1,09309
-0,455972
0,180988
-0,886122
-0,811539
0,843725
-0,356469
0,989151
-1,36748
-0,969638
2,58342
0,387636
-0,0432785
-1,44932
0,158259
1,17874
-2,05809
-1,5726
0,212758
-0,830469
0,977464
0,939629
-0,374643
0,213687
0,791345
-0,0983114
-0,458797
1,77752
0,542313
0,0554964
-1,77301
1,49371
-2,10476
0,296527
-0,713897
0,706938
0,715349
0,696497
0,623914
0,443965
-0,779566
0,269333
0,397032
-1,67323
-1,73026
0,0870175
-0,0305333
1,21596
0,475689
-0,102658
-0,428245
0,44571
-1,192
-0,0344061
0,150198
-0,27416
-0,705569
0,711482
0,131353
-0,0580223
1,16273
0,830497
-1,70639
-1,01239
1,00008
-0,0953981
1,01168
-0,789515
1,21608
1,02939
0,685122
1,24745
0,644515
0,65914
-1,44412
1,52945
1,39638
-0,217483
-0,0211084
-0,0360017
1,44268
0,294161
-0,0924255
-1,01511
0,233349
0,647222
-1,742
2,28476
0,432338
0,0652638
1,81944
-0,189577
-1,65685
-1,06693
1,31507
-0,952347
1,75498
0,432974
1,15247
0,0892382
0,519487
1,20007
-0,37506
2,65218
-1,44999
0,328323
0,277502
-0,706107
-0,962436
-0,722649
-0,533323
0,565899
1,81708
-0,00131611
0,0347659
-2,1792
-0,914226
1,44289
0,118063
0,315693
-0,0811031
-0,905699
0,556653
-0,113317
0,148095
-0,160272
-1,68216
-0,458233
1,57048
-0,76744
0,83263
0,326819
0,710898
-0,291764
0,76793
-0,709816
-1,43543
0,128297
0,0482916
-1,24368
1,46321
-1,03559
0,994496
-0,0890981
-0,04258
0,325319
0,910421
-0,569335
-0,879424
1,21386
0,344189
-0,425119
-1,23352
-0,564931
0,0737759
-1,07616
-0,771944
1,01456
1,32258
0,651042
0,501441
0,0432589
1,00721
-0,511547
-0,0760329
0,155837
1,12217
0,531333
-0,845915
0,465678
1,39011
0,0381297
-0,198611
-1,97268
0,0529786
-1,23962
-1,0755
-1,42832
1,20764
-1,08581
-0,255104
0,459849
-0,731336
-0,00354667
0,21672
0,00046519
-0,634422
0,227193
-1,06075
-0,371226
-1,25458
-0,21075
-1,00324
1,36916
1,27887
0,318477
0,172612
0,845235
-0,691803
0,362594
-1,1504
-1,2083
0,519951
0,00122391
-0,387007
0,45963
1,1642
1,34408
-0,351057
0,962759
0,566009
-0,42663
-0,519715
0,424702
-0,600981
1,13696
-2,12137
0,926063
-0,131822
-1,36155
-1,3818
0,33537
1,22361
-1,20301
0,87173
0,577113
0,713325
-0,208673
0,10017
-0,329249
0,774029
-0,025022
-1,57557
-0,268731
0,450847
0,597141
-1,11424
-2,01604
0,387156
0,725174
1,04782
1,7506
-0,818706
0,847094
0,494825
0,736849
-0,180585
-0,22125
-0,419623
-1,15134
-0,0542898
-0,837862
1,91498
0,400393
1,18532
-0,453783
0,466288
0,833498
2,00113
0,314552
-1,0053
-0,969468
0,0382528
-0,643864
-1,00387
1,18045
1,20935
-0,830011
0,134359
0,680253
-0,469673
0,273122
0,932048
0,170413
0,240418
-0,468449
-0,77653
0,724653
0,406109
1,28743
-0,524294
-1,55133
-0,522598
0,145645
1,02485
2,34812
1,04607
-0,786571
-0,406986
0,679426
-0,357677
0,122213
-0,268738
-1,02078
-1,46705
-0,338705
-0,923298
-0,231974
-0,535469
-0,0541458
0,686069
-1,47361
-0,522878
1,58769
0,655747
0,112964
-0,321697
-1,34116
-0,7299
1,10074
-0,475238
-0,554043
0,246304
-0,625997
-1,85381
0,581577
1,05042
-1,91806
0,425074
0,0109417
-1,25975
-2,70138
-1,20451
-0,146301
2,32663
0,344217
0,510387
-0,437813
0,817648
2,08506
0,910945
1,33689
-1,29047
0,0556906
-0,31833
0,138177
1,50548
1,46591
1,40579
-0,478667
-0,0711868
-0,669578
0,36796
-1,29699
-1,32675
-2,15393
-0,00462117
-0,535583
0,392819
-1,12779
0,906467
0,384429
1,41075
0,62293
0,0134656
1,40996
1,26038
-0,424183
-1,07856
0,522981
2,01792
-0,570544
-0,0987265
-0,329133
0,858737
1,37951
0,501234
0,73973
2,52652
0,220794
0,121717
-2,26049
-0,306346
0,467256
-0,112489
0,265742
1,03286
-1,21626
0,19181
-0,45763
0,982576
-0,281244
-1,40882
1,50004
1,36541
0,530399
0,0231264
0,254907
-0,075192
0,190847
-0,473685
0,55539
-0,116396
-1,96423
1,21358
-0,283914
0,0735607
0,35893
-0,803647
-0,238243
0,378622
1,82007
0,251943
0,0487614
-1,35223
-0,404661
-0,757168
-1,25891
-0,404093
-0,00827148
-0,00162419
2,48313
-0,512045
1,33462
0,320588
-0,423346
-1,1166
-0,209278
-0,400385
-0,13975
0,369758
-0,497587
-1,47724
-1,2567
-0,885528
0,597541
-0,812827
0,79484
0,6369
0,0947768
0,220262
1,10763
0,153892
0,66475
-0,593739
1,62242
-0,712228
-0,333738
0,718536
0,660699
0,268168
0,93311
-0,56511
-1,51314
1,34675
-0,717022
-0,514117
0,89878
0,362649
1,93392
1,28604
0,640328
-0,834899
-1,099
0,582963
1,09686
-0,207517
0,322784
-0,41225
-0,287665
-1,01837
-1,43781
0,556446
0,285264
2,79943
1,31464
2,98501
0,075896
2,5211
0,0805706
-0,386791
-0,453205
-2,58528
0,356761
-0,14595
1,31989
-1,54616
0,369629
0,87927
0,0423246
-0,534403
-0,998745
0,179707
-0,0981925
-1,77487
-1,67976
0,165165
-0,767571
1,2122
2,52959
-2,2149
-0,522299
-0,176951
-0,324042
-0,712886
-1,04212
1,01498
0,98071
0,193611
0,191506
0,110804
-0,977503
-2,22577
-0,41182
-0,418417
0,488141
0,491531
0,0878448
-0,985954
1,46558
0,300479
1,20583
0,310624
0,375901
0,0942897
-0,651509
1,54956
1,30912
0,693065
-0,584329
0,831494
-0,590405
0,0209228
0,530563
-1,18825
-0,298214
-0,833589
0,646667
0,891883
-0,815497
-0,0235012
-0,693986
-0,875834
0,602332
-0,360595
0,417434
3,43143
-0,171157
-0,923982
0,478268
-1,41261
1,70801
-0,322387
-0,576996
-0,462367
-1,79059
0,382979
-0,849342
0,925025
-0,291239
-1,23136
-1,60086
0,111905
0,531133
-2,08526
-1,10633
1,85613
0,875947
-0,697361
0,608258
0,170544
-0,854304
-0,327911
-0,333231
-0,207178
0,616701
0,681987
-0,791557
0,622259
0,0250716
-0,721286
0,39957
0,591561
1,18703
0,551614
-0,481934
1,30975
0,181172
1,23948
0,385838
0,421705
-0,157133
-1,43585
-0,141271
-0,49453
-0,780202
0,611472
-0,169814
1,19283
0,326548
-0,28327
-0,0840563
2,19178
-0,474823
0,7039
0,284929
1,95833
-0,193289
0,230508
0,40158
-1,07237
0,113527
0,62361
-0,473787
1,91242
-0,583613
0,640646
0,0193229
-1,28492
-0,186147
-0,530209
1,28773
-0,335315
1,14832
0,645927
-1,94248
-0,817401
-0,632308
-0,419682
-0,206446
-1,17528
-0,219285
-1,8437
-1,93864
-0,387179
-0,202699
0,553833
0,605119
0,851085
-1,46787
1,14355
1,56134
0,344156
-1,34055
-0,971174
1,03688
0,840772
-0,898903
-0,261242
1,84467
2,26168
0,443601
1,25249
1,36405
-0,336084
-0,827741
-0,324837
-1,30048
1,27667
-1,31166
0,902751
0,258649
0,616733
-1,38168
-0,987442
1,24895
-0,591622
-0,549665
0,608426
0,956914
-0,909792
0,16124
-0,870505
-0,749408
0,540692
-0,617525
0,706898
1,45397
-0,389746
-0,0643074
0,269981
0,230107
0,167657
-0,431025
-1,57734
-0,776917
-1,43326
0,953391
-0,579991
-1,39705
0,326716
-1,01616
-1,71942
-1,02101
0,370639
0,521168
0,521685
-0,975533
-1,41793
0,325996
0,199023
-0,751743
-1,1268
0,110915
1,2157
-0,309579
1,26754
1,00497
0,767622
-0,0593695
0,117314
0,366169
1,17843
0,813776
0,201113
-1,28211
0,207947
0,451875
-0,354255
-1,74395
-0,78176
-0,288729
-1,34652
-2,37952
-1,11177
-0,429393
-0,125947
0,169142
0,195042
-1,6047
1,84639
0,68514
-1,94619
-0,6625
0,498776
-1,24457
0,661635
-0,638181
0,442415
0,844211
-0,0435325
1,45994
-0,00883554
-0,209128
-0,482795
0,751605
-1,97707
0,339461
-0,206715
0,42016
1,86361
1,0442
0,916671
-1,16166
1,21243
-0,686807
-0,848419
-0,0380101
0,772954
1,74328
0,256804
-0,633082
0,436394
0,14433
-0,055012
-1,50963
-0,106428
-0,646533
0,0455699
0,280551
0,254577
-0,164918
0,214953
0,280538
-0,288347
-0,413003
-1,68223
-0,0885728
0,817508
0,324337
1,1677
-1,12836
0,271933
-2,28001
0,82703
0,916261
-0,676885
-0,54735
-1,08236
-0,226527
-0,808563
-3,16529
-1,55414
-0,661925
-0,567558
-0,452195
0,34907
-0,686484
-0,426811
0,251959
-1,14933
-1,00937
0,556663
-0,315335
-3,31525
-1,20359
0,136472
1,6218
-1,29115
-0,794647
-1,37934
-1,60468
-1,10073
0,683408
-0,0849447
-1,54152
-2,69677
-0,0732639
-1,29557
1,36993
-0,889232
0,265113
-0,413334
-0,537208
-2,64007
0,332327
-0,477895
-0,630025
-1,69792
0,300424
-0,101318
2,16585
0,0293724
0,111942
-0,116046
0,0281933
-0,650911
0,520481
0,729574
0,633444
-1,5261
-0,788458
-0,176626
-0,415995
0,0935642
0,528894
-1,16745
1,37917
-0,435609
1,67797
0,146914
1,69126
1,63756
-0,139356
0,086816
-0,335102
0,0766395
-0,236053
0,380857
0,401979
-1,35714
-1,67219
-0,35555
-1,01958
1,80241
-0,649032
-0,303149
0,2569
-1,79912
-0,113491
-0,391885
0,863393
0,36358
0,110702
2,5438
-0,914688
0,467636
1,28843
0,948427
2,26871
-0,409739
-1,38026
0,75483
2,0107
1,03265
0,260528
-0,0666233
0,863435
-1,37645
-0,353791
-0,378641
0,409965
0,703238
-0,755883
0,693327
0,491853
-2,00599
-0,608485
0,0217828
-1,5209
-0,846739
1,09351
1,10145
0,967874
0,40884
0,412814
0,310334
-0,40043
0,0331188
-0,527257
1,29339
0,0466083
-1,94469
2,03423
-0,557031
-0,141749
2,44897
-0,110288
-0,316274
0,857507
0,256123
-0,0828683
-0,371517
1,08423
-0,566684
-1,58522
0,803992
-0,806412
-1,06694
1,65213
-0,608939
-0,237154
0,0145179
-0,536407
0,108846
-0,643194
0,48029
0,196624
-1,04796
0,303555
0,0146906
1,38112
-0,505118
-0,0668373
-0,0151285
0,662218
0,593811
0,664052
0,820182
-0,19162
-1,13183
0,937269
-0,631683
-0,0272012
1,82225
-0,768091
-0,82269
0,266306
-0,110853
1,11109
-2,17701
-0,0410967
1,01089
-0,567638
-1,12812
-2,4185
0,716587
-0,626794
0,583983
1,02857
-0,552371
-0,0635572
1,21109
-1,50755
1,46917
0,217767
-2,06765
0,173336
-0,263068
-0,336477
1,48716
-2,15598
0,359949
1,60043
-0,753222
0,469697
-0,802762
-1,43995
-1,71852
0,0886276
0,231338
-0,168565
0,625236
1,70206
-0,0762246
0,748906
-0,758425
-0,833669
1,04169
0,571874
0,935404
0,430435
0,865475
-1,1631
0,361992
-0,364855
-2,54259
-0,0552766
-2,7044
1,38543
-0,353846
-0,481294
-1,89806
0,873829
0,000810575
-0,199124
0,766073
1,42276
-1,44077
0,348607
-0,805031
-0,221462
0,59769
0,877871
-0,576406
-0,751538
1,18042
-0,358755
0,747148
1,0491
-0,0959586
-1,05095
0,518092
0,60429
-2,56417
-0,414067
-0,339219
0,683947
-0,0189875
0,213507
1,58371
-1,2031
0,758051
0,229924
0,108637
0,465774
0,662726
1,74327
-0,989181
0,596661
-1,5235
-1,26849
-1,66324
1,23543
-0,436916
-1,47704
-1,75366
0,248195
-0,420292
-0,998381
0,927102
2,19534
-0,261307
1,09212
2,11525
-0,386592
0,0668018
-0,0439298
1,48168
-1,0273
-1,99221
-0,0413386
0,629558
0,887465
-0,0435074
-0,41642
-1,23288
-1,04277
0,098019
0,0756273
-1,31065
1,33301
-0,676702
0,691299
-1,25329
0,267295
-0,387376
-0,343172
-0,857435
1,44409
-0,636492
-0,536546
0,763349
0,431792
-0,704264
-1,90845
1,14021
-1,60877
1,30073
1,91283
-0,0610652
-0,232639
-1,21116
-1,02954
2,47749
1,00715
1,50631
0,482615
-0,158204
-1,08375
-1,18778
0,822479
-0,707119
-0,179424
0,104888
-0,565894
0,0825265
-0,237973
-0,0217159
-0,148128
-1,22383
-0,562441
-0,448021
0,0877106
-0,0136517
0,735897
0,799412
-1,055
1,32889
-0,505108
-1,25399
1,34676
0,089964
0,664512
0,0498506
0,323494
1,52452
0,131551
-0,237452
-1,08889
1,24161
-0,0313954
-0,553067
-1,52347
-2,01679
1,48361
-0,439658
1,17606
-0,449066
1,09607
1,92819
2,00404
-0,0624042
-0,232733
0,835301
0,161754
-0,0295882
-0,62778
-0,0493464
0,450958
0,105571
-0,814234
-1,2686
-1,13417
-0,269753
-1,01015
0,0915284
1,75738
-1,01936
1,29728
-1,04941
0,904378
-1,47747
-0,764067
-0,886558
0,89634
0,278785
0,367632
1,08032
0,299436
0,277231
-1,0194
-0,871479
-0,0806139
0,137015
0,623083
-0,24229
1,09188
-1,12278
1,42929
0,360946
0,588596
-0,420121
-1,45384
1,0226
-0,76503
0,310388
0,52925
-0,612224
-0,23196
0,212163
-0,245706
1,46041
-0,150741
0,0316001
-0,263971
0,544981
-0,223593
0,488382
-0,559874
0,360212
1,50512
-0,227912
-0,949827
-0,21615
0,735157
1,43105
0,575625
-0,333412
-1,54735
-0,116465
1,718
-0,709123
0,00816843
-0,00463238
-0,882638
1,78906
0,337796
-0,370833
-0,785735
-0,212483
-1,42535
-0,485585
-0,73525
1,05773
-0,150444
-1,1698
1,16125
-0,0968692
-0,213759
0,524136
0,466071
-1,35659
1,10729
0,0483707
1,01635
-0,383057
0,462828
1,14658
0,54422
-0,585732
-1,64154
0,657835
0,119278
-0,443883
-1,24618
-1,37691
-0,921095
1,06931
0,242459
0,128309
-0,131742
-1,24462
0,524657
-1,94361
0,582596
-0,163465
0,320742
0,991811
1,3791
-0,912329
-0,0542212
0,593411
-0,82506
-0,439328
-0,422587
-2,43305
0,273461
-0,740151
-1,02925
0,0971825
-0,743504
-0,0796524
3,12129
0,0775664
2,28719
-1,11567
-1,35901
-1,49654
0,791736
0,884725
-1,04454
0,0174524
-1,17516
0,858399
0,342074
0,63282
-0,0245209
-1,22
-1,5533
0,0137415
-0,318403
-0,328899
0,0994883
-1,21809
-0,85716
0,492128
0,108452
0,98839
1,5277
0,709563
0,0540944
0,0419204
-0,487304
0,488938
0,168549
-0,352783
0,251963
-0,944882
-0,691744
-1,46779
0,229911
-2,44639
0,502106
1,28312
-1,13077
-0,800386
0,0720274
-0,614643
-0,0736679
-0,410924
0,296775
0,323439
2,34027
-1,30429
0,166699
-1,01948
0,926309
0,627576
0,0690035
-0,697873
1,62787
-0,906138
0,959205
-1,521
-0,908928
1,7599
-3,0265
1,82098
1,51399
-1,47432
1,65249
0,358426
0,464959
1,19711
0,667343
-0,283914
1,99563
2,00142
0,263523
-0,0662244
1,23038
2,81484
0,384994
1,69233
0,0853793
0,742908
0,72003
-0,279094
0,935326
-0,960818
-0,405647
-1,17242
0,996138
-0,060352
0,741989
-1,45576
-1,49271
0,251466
-2,45659
-1,13951
2,02285
0,368096
0,889009
-0,8098
1,27712
1,16275
0,137623
-0,276146
-1,87256
0,324317
1,04585
0,47541
-1,04597
0,915104
1,38448
-0,961371
-0,245417
0,578169
-0,635633
0,684427
-0,0470163
-1,30049
-1,0881
-1,38145
-0,499281
-1,0277
-0,0988843
-0,677714
-2,11664
-1,12278
-1,85973
-0,890779
-0,0219041
-1,14586
0,854376
-0,360442
-0,290154
1,1762
-0,046074
1,47291
0,348782
0,238981
0,734066
2,12596
1,23823
1,61008
0,403578
0,512025
1,06171
1,68203
-1,42843
-0,0914347
1,34228
0,645721
-0,67309
-1,32616
0,438234
-0,515478
0,599515
2,637
1,42399
1,27165
0,266264
0,366258
1,14677
0,916764
-0,552586
-1,40664
0,449108
-0,00874459
-0,543932
-0,596527
-1,3151
-0,723635
1,07738
-0,0526254
-0,858972
1,11516
-1,02435
-0,445774
-0,278387
0,467227
0,568074
-1,76477
-0,270887
-0,0346117
0,350352
0,687969
0,358741
-1,43406
1,04987
0,762635
0,373971
0,868978
-1,32679
1,19744
1,18953
0,243941
1,27086
0,284808
-0,565829
-0,860777
0,719325
0,247301
0,0204097
0,433997
0,0625216
-0,347039
0,313203
0,139636
-0,285425
0,0787729
-0,377171
0,301597
-0,870003
-0,705288
-1,53677
-2,08697
0,0960764
-0,810449
-2,52458
1,76422
0,351411
-0,809177
-0,436708
0,597959
0,927604
-1,1797
1,73467
0,325454
-0,0126844
0,244375
0,0845521
0,486662
-1,73375
-0,480482
1,41814
-1,21144
0,200778
0,439841
-1,0405
0,0806694
-1,58358
1,18652
1,22616
0,298916
1,0092
1,4051
0,221332
-0,0385351
-0,267621
1,26065
0,0669892
0,119827
-0,174703
-0,103907
0,661175
0,240639
-0,0849222
0,447433
-1,14937
0,694162
0,288606
0,274071
0,187448
-2,01424
-0,0258741
-0,547185
0,675676
-2,54001
0,858617
1,03097
-0,0303953
-0,147662
1,60569
0,303578
-1,66629
0,522614
0,833487
-0,715892
-0,388607
-0,420824
0,533262
0,583655
0,0453305
-2,93345
-0,626851
0,508657
-0,127607
-0,813959
-1,27494
-0,335812
0,176172
0,348186
-0,916498
2,67167
0,129441
-0,467777
0,62336
0,203799
-0,57541
1,08846
-1,01308
-2,3549
-1,6991
-0,4694
-0,714365
-0,82413
2,32689
-0,0213657
-0,40619
-0,185109
-2,20364
-1,0277
0,371209
-1,61968
-0,632961
0,165001
1,06388
0,691744
2,29706
-0,697042
0,563758
0,361879
1,21741
0,0148429
-0,396206
0,415808
-0,0156153
-0,228403
0,039978
0,604196
-1,02403
-1,40432
0,244991
-0,412955
1,27484
-3,21378
-0,542679
-0,118815
0,420967
-1,85705
0,594941
1,04359
0,457223
1,20122
-1,41966
-0,933044
0,485514
-0,500406
2,15263
-0,417236
1,19642
-1,39431
0,375261
0,00846163
-2,40861
1,21661
0,420037
0,0235403
-1,8668
0,786515
0,0773364
-0,880899
0,275707
0,714748
-0,676644
0,0327668
1,24748
-0,503551
-1,18967
0,548779
-0,401803
0,0373333
-1,08152
0,0417366
0,543885
2,26096
0,705207
-0,150537
-1,64426
-1,19377
0,521065
-0,557244
0,0242974
-0,897657
0,158246
0,972291
0,294665
0,614326
-1,98928
-1,21232
-0,86866
-0,754803
-1,15362
0,543232
-0,659187
0,656852
-2,37472
0,367017
-0,0647829
1,25957
-1,55053
-1,27036
0,319484
-0,810623
0,118799
-1,55035
-1,33409
0,387335
0,574206
-0,0510557
-1,09077
-0,077437
0,0882979
1,27986
0,719683
1,60995
1,07215
0,930677
0,558266
0,197108
1,60061
0,466841
1,96895
-1,354
0,165732
0,7265
1,88144
-1,19311
2,24036
0,271438
-0,503591
-0,253341
-1,49658
-1,93416
1,67365
0,00766135
0,778268
1,84174
0,332397
-2,82391
-0,643982
1,45962
-0,211363
0,745036
0,920093
2,43791
-0,463604
-0,377614
0,198505
0,00594937
0,0899541
-2,24674
1,75625
-0,795309
-0,168721
-0,0540551
-0,886339
0,607722
-0,374249
-0,551834
-0,0305496
2,16299
-0,656336
-1,02978
-1,32447
1,41115
-0,708092
-0,391073
1,19585
0,271992
-0,731832
0,0411902
-0,0887706
0,0139945
-1,70346
-1,55782
-1,96727
-1,0071
-1,49321
-0,246897
0,450803
0,164012
0,231485
-0,559794
-0,559545
1,26645
-0,109628
0,708569
1,82564
-0,574417
2,03898
0,177268
1,88725
0,628831
1,28969
0,715114
-0,861858
1,24634
-0,403956
0,812478
-1,56312
0,110538
0,314862
1,32838
-1,12858
0,507866
-1,75628
-2,32648
0,415679
-1,43449
-0,0466812
-1,23899
-0,614209
-1,94029
-0,633953
0,21155
-0,145092
0,682515
-0,316691
1,55953
2,16005
-0,538896
0,412675
0,364138
1,52612
0,551335
0,272564
-0,385078
0,155998
0,763918
-0,0422198
0,151259
-0,771261
0,362539
0,00762404
-1,25017
-0,369764
-0,205913
-0,248407
-0,928443
-1,30997
0,0737468
-1,49704
0,46146
-1,21724
-0,207154
-1,66634
0,406613
-0,905736
0,87704
-0,707375
0,743933
-0,770849
-1,48151
-0,118283
0,120905
-0,393424
-0,39187
-0,606975
0,100134
-1,74306
-0,690406
-0,30897
0,0405176
0,77348
-2,10357
1,44177
-1,13263
0,33821
1,60257
-1,71554
-0,091783
0,904259
-1,28642
0,806521
0,047862
0,72763
0,869139
0,695919
-0,316094
-0,602162
-0,97938
-0,148759
-0,186392
-0,759377
-1,66418
-1,98196
1,16853
-0,0418679
0,481471
0,801936
0,638739
-0,0745073
-2,00056
-1,07472
-1,15058
-0,109315
-1,46296
-0,155202
-0,959004
-0,561484
0,515619
-0,00492982
0,679901
-1,50399
-1,43397
-0,558609
2,29521
0,800787
0,215955
0,990724
0,801998
-2,03795
-0,015761
-1,64311
-0,664507
1,03263
-0,104315
-0,398964
-0,224203
-1,24199
-0,981696
-1,16903
-1,77405
-0,1444
1,53687
-1,02456
1,12909
-0,831215
0,714216
0,38607
-0,890801
0,270144
-0,171305
-2,19535
-0,177855
0,275381
0,508157
-1,3691
-0,305464
-0,503282
-0,146104
-0,825883
-0,369207
1,5579
0,4122
-0,0184929
-0,574347
1,25921
2,65531
-0,193255
0,143175
0,758562
0,11817
-1,57589
0,0933237
2,56599
-0,582031
-0,582374
0,205459
0,90784
0,81778
-0,718584
-1,15638
-1,64772
-0,126167
-1,64366
-0,229701
-0,5513
0,968686
1,48551
0,255474
-0,76352
-0,573301
0,157496
-0,747693
-0,263435
1,84459
1,136
0,284703
0,810569
0,0509204
-0,196707
2,59764
0,16395
1,2141
-0,455921
0,861424
-0,178584
-0,770241
-0,496276
-0,0676927
-0,816322
1,0485
-0,829266
-0,568152
0,308528
0,93553
0,070457
1,26385
-0,870462
0,801311
-0,228974
-0,444701
-0,560214
0,155478
2,59725
0,982086
-0,793003
0,187845
1,06073
-1,09901
-0,119398
0,326702
-1,49622
-1,8705
-0,539602
0,215738
-1,03201
-0,712932
0,935452
1,89292
0,153736
-0,345918
-2,32382
-0,627407
0,916161
-1,51287
-0,740245
-0,500187
-0,548022
1,07431
-0,456927
0,272024
0,0575407
-0,934247
0,985994
-0,82206
0,579824
-1,19884
-1,1684
1,01485
-1,14045
1,9305
-1,2741
-0,0468367
1,29876
0,295611
0,0702014
0,338205
0,51968
0,0308656
-1,64743
-1,75318
-1,69696
-1,91056
2,65956
0,941684
0,380604
0,811939
0,0214002
-0,209869
0,761225
0,0558393
-1,32239
-0,94082
1,81752
-0,468199
-0,282373
-0,336607
0,608622
0,554358
0,0869069
0,301196
-0,157601
-0,705736
0,775748
-0,453583
-1,13163
-0,350012
-0,0890693
0,314192
-0,215207
1,60264
-0,516336
0,55195
-0,384485
-1,80477
-1,14322
0,52075
-1,02764
0,342714
1,18801
-0,683112
-0,52301
-0,176339
-1,21998
0,112887
-2,23255
-0,900952
0,894573
-0,602081
-0,539606
-1,42866
-0,332354
0,33787
-1,27172
-1,89049
-0,868014
-0,723655
-0,614096
1,01273
-2,32831
1,11922
-0,406931
2,06466
1,88972
-0,042269
-0,343989
0,530209
-0,689929
-0,391596
-0,13212
1,09635
0,554831
-0,275563
-1,41068
-0,600536
0,425119
-1,21786
-0,576464
1,23578
0,0519965
0,1173
0,025472
-0,354467
0,608844
-0,0671758
1,00051
-1,15327
-0,0163614
-1,18924
-1,93276
-0,174077
-0,837232
-0,744961
1,63879
-0,870698
1,31239
1,10307
0,140167
1,10698
1,12502
0,932548
0,485657
-0,375794
2,05343
1,3465
0,250678
0,0413238
-0,29627
0,191565
-0,31014
1,24866
-0,303121
-1,33303
0,78337
1,19258
0,6452
-0,907616
0,266035
-0,46978
-1,0363
1,04216
1,77411
0,38327
-0,0207652
0,890619
-0,614008
-0,794728
-1,2587
1,8002
-0,671134
-0,28995
0,450167
-0,791345
1,56894
-0,940978
0,626329
-1,39127
1,31202
-0,399104
1,06315
0,246195
-0,608945
0,932623
0,26564
2,01319
-0,111684
0,418133
0,910195
-0,29072
-1,02284
-0,804149
0,526884
0,285116
-0,170072
1,23164
-0,738665
-0,296171
-0,869519
-0,457796
1,90453
0,724977
0,0463625
0,221995
-1,12394
0,34586
-1,02275
-0,126122
-1,14419
0,930691
2,18332
-2,5946
-0,874671
-0,922372
1,01275
-0,428589
-0,720377
-0,461778
-0,989493
0,145134
0,886264
-1,45196
-0,581194
-1,16001
-1,06928
-0,0603504
0,939934
-0,19316
0,449156
0,816135
0,420191
-0,521006
-0,327507
-0,882625
-2,1876
1,91133
-0,14239
-0,585145
1,78123
-0,60265
-1,60733
-1,58616
1,25328
-0,770703
-0,0770256
0,251273
-1,93976
0,633805
-0,364089
-1,88699
-0,131932
-1,55259
1,31111
2,48547
-0,609907
-0,469378
-0,979904
0,990597
-0,803578
-0,400643
0,0267698
0,746475
-1,57247
-0,776637
1,13585
1,20877
-0,584642
-1,03908
-0,452034
0,435214
-0,834603
-0,241379
0,867596
-0,162256
0,741987
-0,2523
0,706787
0,166597
-2,12927
0,0288481
-3,77028
0,453166
0,359816
1,66894
-1,40146
0,655513
-0,44168
-0,0511292
0,376128
-1,68747
-0,582034
0,127636
-0,927824
0,43094
-0,543517
-1,17259
0,8879
-1,05943
-0,00420286
0,0987644
-0,882027
0,739665
0,0683522
-1,35284
-0,969109
-0,166719
-2,2979
-0,708488
-0,158175
-1,14192
0,243934
2,04088
-0,804348
0,404962
-0,246495
-0,26514
-0,349855
-0,3552
-0,197448
0,463608
1,94168
-1,27063
1,46903
0,602556
2,70196
-0,941436
-0,859277
0,377596
-0,833867
0,334344
0,9198
1,66716
-2,61483
-0,394915
-0,766362
0,505428
0,29832
-1,43217
1,2485
1,29661
0,27161
-0,549551
0,952696
-0,19628
-3,79098
-1,48752
1,61626
0,304135
-0,280624
0,850809
-1,51292
0,242158
0,174175
0,221806
-0,202014
-0,774682
-0,614928
1,06145
-0,406787
-0,953104
-0,560577
0,173179
0,681012
-0,0646107
0,764532
-1,42603
-0,355243
0,223897
0,0473517
0,375673
0,334169
-0,949071
0,219138
0,330968
-0,943231
-0,270069
-2,70433
0,448098
-1,23254
0,105491
-2,59727
0,686198
-1,67276
1,46188
-1,4013
0,167195
0,34704
-1,49106
-1,14186
1,6965
1,14421
-2,66039
-1,2117
0,0711403
0,895322
-0,359667
-0,362121
1,00462
1,60604
1,33589
1,51112
0,211169
0,676475
-1,80646
0,220048
-0,129214
-0,0514512
-0,542947
-1,57638
-1,28484
0,42967
0,292181
-0,331512
-1,74855
1,23329
0,0523677
0,12114
0,0742331
0,512286
-0,52218
-0,593228
1,95097
0,131675
-1,04085
0,893052
-0,114773
-1,06316
1,12662
0,765667
-0,525389
-0,847737
0,0348567
0,0469035
0,885292
-0,428581
-0,107309
0,301603
-1,50076
1,052
-1,12973
-0,351425
0,578295
-0,575066
1,45103
1,26356
-1,47826
-1,77312
0,679259
-0,282528
-0,337979
-0,660745
-1,96363
-0,16235
0,736569
0,195571
0,919617
-0,68153
0,159402
-0,907495
0,748491
-1,74711
-1,85192
1,02174
-1,70547
1,05761
-1,37432
0,233566
0,667915
-0,539295
-0,786929
-1,49275
0,164304
-0,00454681
0,877769
-0,835427
-1,36788
0,9982
-0,224381
-0,184211
1,88581
-0,407005
1,0271
1,51049
-0,144557
-1,32823
0,74853
-0,634688
-0,757
-0,853777
-0,94976
-1,68994
0,00522938
-1,5825
-0,179349
0,181366
0,114434
0,0889901
-0,0589574
0,520758
0,340692
-1,08837
-1,14037
0,204285
0,351622
0,819813
0,25518
0,762194
-0,336086
-0,768224
-0,259547
-0,833805
-0,440466
0,317439
-0,657602
0,432624
-0,362485
-0,641823
-1,94437
-0,722159
-0,643078
-0,0318612
-1,55032
0,108919
0,262691
-0,0279713
-0,344898
-1,31534
0,685891
0,665567
-0,495155
0,884003
0,0937895
0,995349
-0,134162
-0,528347
-0,87564
-0,223637
-0,425118
0,178077
0,89051
-0,33288
-0,878624
1,29149
-1,23724
-0,896954
-0,774903
-1,66394
-0,583187
-1,74141
0,65588
-2,21923
0,461316
0,469611
1,13615
0,35027
-0,109433
0,617383
-1,92626
-0,532022
-0,335772
-0,130301
1,15838
-2,00043
0,360824
-1,03695
-0,683346
0,0984519
-1,8008
1,47678
-1,82011
-0,0204052
-1,47468
0,814712
1,96459
-0,205869
1,25388
1,82919
-0,196323
-0,366102
0,407365
-0,934182
-0,761127
-0,501215
0,0615343
-0,109995
1,74583
1,73937
1,64605
-1,03211
0,725125
0,23094
-1,12741
-0,215304
-0,511354
-0,00205397
1,03375
2,39559
-0,862591
-0,320696
-0,907491
0,350175
-0,648946
-0,592178
1,00352
1,30709
-0,374983
-1,2332
1,34733
1,23803
-0,712022
-0,0204494
-0,0255675
-0,189886
-1,44544
0,0954945
-0,8401
0,451781
-0,987587
-0,278777
0,667411
-1,04105
1,23132
0,199479
-0,489659
-1,08375
0,441064
-2,50323
0,174869
0,282091
0,382415
-0,412666
-0,847056
0,872761
0,700658
-0,676636
0,969631
0,204849
0,438061
0,451947
-0,454276
-0,523987
-0,378783
-3,04933
0,446331
-1,4767
0,0554618
-1,15993
-1,64531
0,797924
0,0996203
0,425336
-0,53225
1,02377
1,18343
1,15729
0,659915
2,11378
-1,60391
0,42022
0,156902
-0,381895
0,239509
1,76643
-0,571241
-1,46929
-1,15179
0,137102
-0,322167
-0,956155
-3,20502
-0,739195
0,722455
0,6887
-1,21524
0,479221
-0,423868
0,244678
0,153113
0,568903
-0,572907
-1,94581
1,11808
1,04994
-0,0516827
-0,835479
1,35408
1,69708
0,61183
-0,69323
-0,0843174
0,301788
-0,554742
0,316988
-0,756759
-0,462602
0,169626
-0,0480685
0,169623
-1,26471
0,830981
-0,281233
-0,325162
1,79269
0,896511
0,650821
-0,779864
0,974863
2,4144
0,165186
-0,388856
-2,14423
-0,355988
-1,32138
-2,27341
-1,27716
2,00617
2,09318
0,819187
-0,3576
0,722113
-0,0365963
0,627392
-0,830653
2,92371
0,766129
0,326514
-0,938814
0,0391087
0,84925
-0,992444
0,354996
-1,2829
1,29719
0,749998
0,223496
0,842946
-0,578798
0,919581
-0,132455
0,752462
0,559415
-1,20389
0,678719
-1,26488
-1,14927
-1,55403
0,34038
-0,993491
0,184534
-1,18131
-0,508919
-1,45356
-1,9414
-1,97832
0,68737
-1,56768
0,82715
0,789392
0,997555
0,0506855
-0,963542
-0,079389
0,522682
0,926483
1,27519
-0,623138
-0,153627
-0,198179
1,26923
-0,427766
-1,14461
-0,947089
0,244684
0,397351
-0,287924
1,75739
1,60194
-0,812775
1,00934
-0,175329
0,0876941
-0,915776
1,39351
1,14078
-1,63816
0,437734
-1,72558
-0,0555048
-0,030363
-0,0633156
-1,65019
0,997335
-0,405301
-0,292106
1,10932
-0,309483
-0,133923
0,73329
-2,96187
0,916059
-0,0611678
0,00421031
0,781896
0,897263
-0,224771
-0,870463
0,831089
