0,386372
6,68845
0,26802
9,222
8,30859
6,55139
3,82583
2,56628
3,65051
7,18442
5,97279
0,0337291
3,2011
3,65107
8,48677
4,01157
2,08303
4,6706
0,273039
9,30278
0,181431
1,73224
1,23941
9,57858
8,2604
6,40294
6,93451
9,08318
1,4581
1,38398
1,11346
5,37491
0,639753
4,58796
2,57328
9,49075
3,32976
7,2831
6,44444
1,10032
1,57734
5,95103
0,342442
7,74633
0,211059
5,833
2,42766
1,44075
7,21534
1,17156
6,66456
1,76756
8,88023
5,64098
0,638858
7,89747
7,92275
8,10565
4,69418
3,16954
2,44893
1,10975
4,33979
1,73073
4,26722
1,68317
5,96422
4,64681
4,0443
7,38015
0,266629
4,81841
2,69347
7,22387
8,3296
0,151941
6,4623
1,62133
5,4572
1,3945
9,34283
2,70198
2,24131
3,21138
3,0264
9,72207
3,14156
7,1695
7,3015
5,14904
7,34707
1,2965
7,56915
4,42019
8,99961
2,55235
8,70088
6,2023
4,19193
1,31258
2,28863
2,259
8,90024
4,3853
5,17699
8,97094
6,41154
4,9397
1,09747
8,04632
3,45083
3,67211
2,46054
9,69031
5,06583
6,40957
8,49206
5,45517
2,91447
5,07177
0,850411
3,78589
9,49025
6,2839
8,50939
8,8108
0,467878
9,31447
5,42496
7,44909
7,67785
8,65574
6,57138
7,2567
2,83851
2,57981
2,63762
8,31269
5,31296
4,0697
1,58779
5,13849
9,61161
3,30407
9,05779
4,86464
5,28036
8,77111
2,56722
6,09899
9,5432
4,14244
4,52149
4,07692
9,62727
0,563265
7,3668
0,486984
2,38491
6,6543
8,84557
9,57255
4,4617
9,39477
8,21178
3,0081
0,776668
3,67988
6,92311
0,0833061
2,46911
3,9339
2,47858
5,24149
2,26904
8,28509
5,94943
7,66136
3,35004
0,681335
3,14041
8,81715
5,7627
9,1633
9,465
5,02683
6,50837
4,44459
0,808141
0,957715
3,77425
8,5764
9,61582
7,46488
0,940959
7,94315
9,37747
5,07295
1,36746
2,50663
8,72354
9,10186
8,46027
1,53608
3,03196
3,33648
6,53905
4,25936
5,55354
6,49117
7,61746
5,62385
2,78232
0,371001
5,07856
1,59477
4,35866
4,45283
3,81118
0,402945
7,91512
4,47558
2,44403
4,4334
5,69825
2,94545
8,05087
6,25616
9,85803
1,0744
5,7871
0,221096
3,64878
3,91577
1,3749
8,6669
1,11507
0,205338
1,18993
9,46855
9,50589
0,389614
5,63831
1,43605
1,0215
2,1522
7,34945
7,84048
5,3802
0,107632
6,80668
3,74101
4,32399
8,25239
3,76575
4,27124
4,68016
5,02008
2,51767
3,74292
5,64458
8,17038
5,83155
9,17675
4,48777
6,65504
7,54826
6,45348
3,69669
9,48693
9,97443
8,11737
1,61754
8,96688
1,47413
2,14916
7,0143
2,97384
0,0191697
0,878619
7,34784
0,86071
8,67614
9,87618
5,63405
5,5538
5,38495
7,99852
6,31819
3,80521
8,39513
5,6768
7,27499
8,70145
6,57656
1,70071
0,528721
2,78276
3,61552
4,96146
3,24933
9,21528
6,78507
5,04365
2,92261
4,4339
1,98648
9,3329
6,23513
2,10831
5,09499
0,720482
2,97571
7,20466
8,46791
8,83075
6,20852
6,32223
7,09033
3,76385
0,232939
9,47613
1,06698
9,11915
2,1656
2,92524
7,5728
5,05986
5,67365
7,78373
1,69011
3,50268
0,023927
1,699
9,27711
5,78559
1,07173
2,25591
4,31017
4,9523
6,76712
5,05529
7,33777
6,73422
6,06059
3,41654
6,10872
9,18338
8,03137
3,88674
3,13548
6,79449
6,73064
3,27601
9,99984
0,728104
9,06981
9,25132
8,73074
7,93556
1,16316
4,22978
0,180302
4,40312
4,52211
9,66704
8,35701
0,61924
3,73616
1,10145
8,73442
9,82588
5,50338
5,30424
3,01106
0,191779
4,92082
8,31123
0,951858
6,1822
7,44517
8,6208
5,8387
6,6747
2,79507
6,26318
7,42532
9,12399
8,96953
6,02382
8,78545
7,68452
9,64994
2,59226
5,17591
2,06008
0,491735
9,07679
9,73462
7,55367
8,34762
2,08042
1,09691
6,63449
5,42141
4,05425
6,77119
9,35144
5,89737
2,20152
7,84536
9,36353
1,40928
2,92956
9,58998
0,214176
1,07092
9,57136
2,8326
0,355884
5,13052
9,80979
4,09595
9,84356
3,22708
4,04533
3,249
6,25456
5,07797
1,74541
2,92551
3,01907
5,11218
6,98986
5,95976
2,63984
9,8628
0,00759599
9,91539
4,78747
1,36636
4,55503
2,88567
0,103593
9,60139
2,57274
4,89199
8,62581
1,91266
1,31985
4,49076
2,67114
0,298041
0,21682
3,96302
5,31987
2,07767
3,03832
5,5573
3,78633
1,74785
1,55225
0,68006
9,53833
4,60388
0,410121
1,71346
1,66332
3,68025
1,47513
1,05915
9,47917
4,82711
0,43691
6,84432
5,69698
3,465
4,52188
3,85543
8,75597
2,20938
6,37989
9,86362
4,41575
9,21487
9,62354
8,75862
9,12581
4,45265
9,65501
7,62116
1,76594
2,29147
1,76066
0,295136
7,51002
0,153029
4,71107
6,00525
3,57014
8,85012
9,82346
0,655749
7,34135
3,40237
0,384997
8,1839
8,4626
6,73743
8,28275
2,67343
9,80211
1,22754
3,43182
3,37043
8,3824
6,87047
3,53851
4,20824
4,3371
1,56726
5,42156
7,02045
5,35498
6,57393
8,87964
0,495385
5,35147
2,48185
4,36999
9,75928
9,2013
8,0757
8,84362
3,65108
4,90883
4,51329
6,44271
4,45016
3,58486
4,02057
7,17155
4,40516
6,68052
1,19384
0,988051
7,42072
0,446172
6,30366
0,0575664
2,82984
9,39376
9,59552
5,00694
6,4056
8,22252
4,56253
4,03065
2,10416
1,24453
4,34287
7,74409
3,57866
8,48438
4,73797
2,04023
0,83163
6,91345
7,86372
5,95725
5,77762
3,05263
9,63917
0,885164
3,55966
6,212
0,828144
2,98624
3,34695
7,80798
3,36466
7,38199
0,32997
3,59047
4,55007
6,35067
2,24841
9,77335
7,31014
9,66296
1,2912
0,853712
2,99575
4,94267
3,9113
3,09353
3,5649
3,80734
5,62993
7,02181
2,05428
7,91036
5,51454
0,97217
7,90847
7,55421
0,584962
8,81386
9,2443
6,35207
3,13318
4,65967
6,54692
9,42803
8,37198
5,72952
4,84932
0,578669
7,71483
5,19234
9,8113
5,75282
4,08945
3,11344
5,27992
8,47705
4,28098
7,99872
6,16475
2,6624
1,14754
5,80069
2,79747
1,85122
7,36281
0,0197202
5,37478
0,225808
1,92752
6,8536
8,59319
1,22241
9,46863
9,32952
9,41011
2,55876
1,44757
4,85412
3,03197
2,58574
2,31745
8,07491
8,04597
5,28959
1,77209
6,21915
4,51384
0,785917
4,28097
8,32904
5,52032
5,63374
1,29305
0,119387
0,407366
0,228307
9,43631
1,36066
9,4756
4,66267
9,2613
2,04667
6,91606
1,21844
9,6145
4,52186
0,740112
7,16643
6,06824
1,1645
0,275912
0,340072
6,15793
4,65168
6,25867
8,41976
7,13015
4,96792
9,55244
8,81665
4,77415
0,712426
6,89505
7,66481
4,11688
5,85334
5,02765
7,40645
0,563541
9,08404
7,37748
2,00383
5,41815
6,02029
4,50253
5,22205
4,63408
9,76438
3,48103
5,14285
4,25739
3,56286
9,66977
1,40807
3,52486
5,87231
3,72769
9,96886
4,77416
8,80615
9,29879
8,87833
3,77111
1,384
7,7232
4,43203
6,54555
8,74443
3,68549
5,66989
2,67105
4,52314
6,78181
7,91497
2,62142
4,17839
1,05888
3,09633
1,38142
1,65579
4,26978
8,91328
2,35071
7,04486
1,8845
1,53673
8,13349
6,19754
5,40294
2,68317
0,514305
6,46044
9,52344
3,98785
3,6537
1,31817
6,2919
4,41171
6,71335
4,60103
5,34476
4,64546
7,66627
3,1661
4,17366
8,39291
7,03897
4,58646
9,55411
3,51951
0,867287
3,16564
7,41936
0,0143941
7,72307
0,0928989
9,30451
5,14959
5,57572
1,41863
1,96573
5,6462
9,40379
7,08816
9,98905
5,53218
8,13684
4,43552
2,58394
9,82452
0,329669
0,987329
0,172293
0,184667
0,152193
7,55077
0,596414
0,522107
6,60122
4,36124
2,8313
0,722763
3,23928
9,98526
7,65172
9,14756
2,70717
3,58693
5,0388
6,35171
2,33085
1,33965
1,02895
9,76518
1,66169
0,660672
9,54481
2,82516
4,55347
4,75322
4,73737
0,602719
9,52717
4,50151
0,569426
5,489
9,02324
7,90697
8,80776
8,96155
5,3602
0,666381
3,35047
0,134551
1,69459
0,491207
4,41704
6,87758
6,368
1,24782
0,948229
6,66835
7,4186
3,76726
7,77527
7,75285
8,14334
9,60877
2,08568
8,00564
4,76519
1,8214
9,53005
9,68295
1,10783
1,42072
9,69442
6,32585
7,27327
5,36492
5,66091
1,25373
9,19474
8,99005
5,76171
0,555505
4,32722
5,28751
4,47415
2,65252
4,75486
0,780294
9,2285
3,39489
9,9401
4,49883
2,08609
1,40873
5,84612
0,595526
3,52224
1,77403
8,69842
7,20393
8,18738
4,3255
0,892744
8,54387
2,00903
6,40748
0,532197
3,1636
4,74482
9,96025
0,840224
6,25497
3,64341
3,42869
7,78684
0,85509
4,6106
9,55658
9,53772
8,54798
4,37422
9,42467
7,9881
6,47697
3,98957
0,159646
3,81178
5,4303
5,66357
8,79205
7,01826
0,0705199
5,25152
9,43854
6,7612
4,26842
6,03844
3,15252
4,24712
9,15875
6,39909
5,18671
4,26896
4,93618
4,84916
9,21812
4,09893
6,00918
4,94169
2,49883
6,55668
4,43016
8,36438
8,9923
9,1881
1,43431
7,83636
9,58501
1,85828
7,0338
7,09815
5,98954
8,9892
6,22277
6,76448
5,8938
9,4498
0,553262
8,94075
1,50893
8,52707
4,6423
2,62694
6,19462
7,02296
3,20944
1,46461
0,630069
4,77702
5,8557
7,84289
6,74058
3,45252
8,81447
3,21499
3,7846
8,61996
8,37091
0,472816
5,73496
4,50844
6,70929
8,93382
7,51153
3,07147
8,23995
4,42974
8,22643
3,15065
0,144098
7,0344
6,09948
4,84106
1,833
1,58939
2,16361
8,75581
2,55523
0,174232
2,75778
7,11998
5,72529
2,82939
1,98601
5,35544
1,91212
0,22929
3,58371
3,59521
8,65998
6,78046
7,2295
8,55131
3,85311
1,39466
3,87279
7,89585
0,115898
7,99886
4,56639
1,81826
2,14465
5,76899
4,63075
1,5261
1,61513
9,10267
3,10648
0,612136
1,43313
4,83621
1,27249
2,67033
6,19394
7,62805
1,50656
3,79709
4,84853
6,31974
2,69528
6,14761
4,12485
5,10085
6,11785
5,51293
3,82911
5,91024
6,10273
1,82553
6,6353
9,05285
1,17218
3,72991
6,29563
0,713351
2,74943
6,67942
3,17623
8,21605
9,60795
9,8253
0,161342
3,91317
2,51876
7,50344
9,78171
3,76984
2,94428
4,11229
5,16665
2,93953
8,35009
7,31504
8,4314
6,70079
9,70593
6,44881
9,4714
6,23072
7,72901
1,32616
3,42981
3,6373
7,69173
1,11252
5,08453
1,98315
5,29976
7,08422
4,89564
1,57122
1,87009
9,85719
2,03409
5,42686
8,97832
5,33015
0,961261
9,0075
0,761576
8,62644
9,23672
0,118499
9,68378
5,70524
3,97431
7,44342
4,24541
4,38861
3,35801
1,451
7,16779
9,08729
5,86157
5,8657
4,98484
2,55804
8,71179
8,10065
9,72008
7,21192
9,43817
6,68709
1,29238
6,64447
1,6931
8,09737
2,27889
7,33665
2,1713
6,46688
7,14566
6,94297
4,36366
8,74751
5,94729
7,94188
7,71453
4,58056
9,75919
5,61577
9,76877
5,26804
4,01415
2,92365
1,99507
4,37042
6,24109
6,97991
7,50184
2,86607
4,61629
1,26169
7,2157
0,990407
9,45236
9,4341
8,05035
2,06721
3,0882
5,12083
5,77994
8,33406
2,83834
4,46531
4,46572
0,431686
4,36786
8,44103
6,76257
7,20052
4,62247
1,23419
3,97618
2,48301
9,76314
2,15313
8,10216
9,72092
5,26875
9,26619
0,0784315
9,11829
9,31491
1,441
7,92155
4,87118
5,37232
0,947773
2,4735
7,813
8,11792
3,97469
7,93796
2,08747
6,99568
2,17948
4,48364
2,28313
9,17735
5,07194
1,91192
9,47213
9,29309
5,07081
7,07809
3,97723
4,49927
1,58435
7,71814
7,64106
7,85814
2,51861
3,98982
1,24467
8,70452
8,86275
7,23394
5,89828
9,63027
0,401954
2,8712
7,82184
2,91634
6,73861
0,52183
4,51736
7,90822
3,65074
7,96381
9,45612
9,71975
2,75159
8,6715
1,28561
3,76611
5,99449
5,68061
1,20745
4,54761
1,47048
2,84582
4,10565
8,62568
6,9723
8,82205
9,40164
0,0951499
7,18786
4,84929
8,00732
1,99621
5,26156
2,05881
6,83743
4,25872
2,09741
2,88728
5,01567
2,79865
3,06333
5,618
1,52034
4,8474
7,93581
5,04567
7,67202
0,844419
0,773939
2,22572
1,43709
2,45591
3,19685
8,74698
9,91648
5,8112
0,422168
9,8392
5,83762
0,540553
9,0568
8,27762
6,51054
8,38613
4,8854
5,14949
1,62888
7,01514
0,726611
3,13648
1,89035
9,30427
6,18951
3,57562
3,01096
7,8453
2,01926
3,21334
5,43249
2,62845
9,56476
6,84377
8,43804
7,54576
1,44688
8,57669
6,98716
0,22384
0,572792
0,797185
9,10157
1,28882
8,96313
0,10928
3,25438
1,51987
4,6093
9,02162
9,76134
6,48203
1,23067
0,440271
5,47489
0,400429
1,8609
1,27285
3,54397
9,91405
3,85864
4,05372
8,76653
7,99165
9,63721
9,20198
7,53131
4,01468
8,23499
1,33005
9,06936
7,5377
9,33331
1,97525
7,89853
0,76609
3,32959
0,15553
2,88709
2,70321
4,76133
8,51859
5,65403
6,03952
7,52647
5,27162
1,41553
6,37309
5,8857
4,71451
7,01201
7,90234
4,56811
0,0062005
8,78726
6,65862
6,66637
9,56017
4,56204
8,31394
4,24629
2,33035
5,04453
6,47683
8,31598
8,53682
9,59937
4,86411
9,33652
2,75347
2,78298
6,27335
8,69748
9,76327
8,68508
4,55361
7,42069
0,0764032
7,34372
7,76228
6,53392
3,29699
4,33047
3,09217
4,51451
6,74739
6,66936
2,04712
4,33601
7,08914
7,87236
9,09322
2,28345
3,23822
0,151488
2,79391
2,79008
8,95707
5,53946
2,21554
5,71673
0,544015
8,08941
8,6958
4,36191
8,97515
8,2006
6,60535
2,05552
5,82734
7,11836
1,61964
8,54086
1,59695
2,98989
3,66161
8,59242
7,52281
1,34803
4,39183
1,88243
8,97196
2,75491
5,78208
7,12041
9,16281
4,73364
7,08479
5,71126
3,12493
2,99296
0,867092
6,17037
2,41518
8,14512
5,76659
5,44224
8,21273
5,01864
3,17285
1,57527
4,53146
6,09153
5,03551
3,85765
1,84388
5,55415
1,18477
1,92801
5,33652
3,57467
3,77725
9,50462
1,56075
8,58726
2,5486
4,11624
4,50838
7,98708
3,29958
0,642822
1,19566
8,97681
4,52131
9,297
7,71111
2,85936
1,41234
0,303645
5,92805
8,22469
6,57713
6,01765
7,71467
6,93521
0,839225
6,44659
7,37573
0,966459
4,30614
4,51317
1,78546
9,48417
2,18172
4,16033
5,50612
1,19441
8,13907
8,04802
7,31943
3,51295
2,85365
1,42769
1,05016
0,991639
6,60138
6,40465
4,35105
7,01021
6,3685
4,09385
0,472902
7,3726
1,54622
3,00998
3,25308
1,65745
0,489766
9,16256
3,96831
4,61571
1,45394
9,45545
8,04506
5,72527
9,39093
3,89047
8,40671
5,15949
0,571074
4,52054
8,83626
2,18494
7,06006
9,2009
0,0939783
7,32053
3,22288
2,02167
5,88909
3,36387
6,82584
5,82739
5,6513
3,99977
2,49664
2,94546
9,70847
7,14394
1,28318
5,06806
7,93342
0,541842
0,709125
1,8381
4,32258
3,03234
1,67981
8,8436
1,24992
2,64903
9,06746
3,54976
5,35046
0,0411398
4,2306
1,55105
5,9929
8,29575
0,6654
8,99974
3,63165
4,16859
1,96512
3,83174
6,28982
0,217179
7,79056
4,71898
3,49502
0,700014
9,29111
2,30528
7,45877
0,156144
9,43817
8,08756
2,6083
6,07654
5,91151
7,35214
5,61656
8,29539
5,85438
9,06842
4,36287
6,01417
7,94725
2,69329
2,49775
1,71696
6,09949
3,87479
1,71244
1,90029
9,85271
8,03261
7,52226
2,84317
4,90256
7,0648
2,30293
6,73031
4,1241
4,71802
4,47152
4,79235
0,439154
1,36024
3,01632
0,761672
9,8956
7,32836
6,5919
2,52198
0,0747228
3,50454
9,96372
9,46618
8,13646
4,81154
1,20111
5,86785
4,14471
6,60968
1,8067
1,98755
7,43244
6,33913
4,42992
0,844807
7,28231
7,3341
0,35379
2,08995
9,56295
5,44912
4,68162
7,80523
2,16448
2,07041
1,96202
1,79265
2,76637
0,842125
1,14475
5,5114
7,60422
8,15409
8,35853
3,9406
7,0345
5,67788
1,2354
3,02459
8,88516
1,58538
0,169183
0,0274515
0,963768
6,63611
7,50629
1,97482
7,80592
7,36458
3,3053
5,69943
0,856136
0,859833
1,43635
5,88879
6,14048
8,33299
9,5189
9,6882
1,87416
2,49918
3,78824
1,10147
0,405798
7,04299
3,45839
3,84335
6,80607
0,581756
4,58124
5,86645
8,20175
7,64571
2,15317
1,47619
5,58104
4,76979
0,407236
7,30184
5,1418
2,36094
3,97929
6,57072
6,99812
2,84106
9,52682
1,4923
7,02476
0,43741
6,78152
7,29788
9,10337
2,14323
5,61588
4,17075
0,0457905
3,68985
0,494597
3,93696
3,15065
2,94346
4,96751
3,5968
7,12747
5,59838
3,29998
0,193616
2,79478
1,95522
0,336005
2,24748
5,44988
8,78099
6,29786
0,520483
5,14196
4,95866
3,61694
3,96592
8,49933
1,35849
9,14486
6,20831
5,66767
4,62569
9,54308
5,59817
4,56546
1,65458
3,89035
2,21168
1,54336
0,208755
5,79558
2,47794
9,55781
3,94651
6,35489
8,72717
6,57053
8,85765
6,70921
9,95291
7,6067
2,84287
0,438483
7,5309
6,37016
4,23213
7,13812
3,60043
9,05655
8,89898
9,02804
7,031
0,88887
7,80768
9,7555
8,59437
6,25209
1,6974
1,40238
9,36105
1,86378
1,65668
3,65891
9,05457
7,19514
8,50569
5,03889
6,47754
8,67844
0,37406
9,42398
7,77143
4,83732
8,32383
5,32177
4,31761
5,93802
6,92567
4,90852
7,82855
0,354831
2,45392
3,96234
1,48709
1,34918
4,87631
9,16346
2,14623
6,69519
9,77923
7,22516
4,48925
3,75451
5,2158
2,27821
0,525574
2,50258
2,79202
8,84719
2,72945
3,72624
7,15587
7,78378
8,52011
2,5549
3,53485
9,11004
4,14344
6,04659
0,00183863
9,06422
2,52689
7,20967
6,60267
8,81805
4,38013
5,90409
9,43137
5,82636
2,56431
0,848393
2,67324
6,66257
9,7875
8,99073
3,22782
0,784504
3,14782
1,41915
7,82104
0,852099
0,313084
5,84767
3,01475
4,25053
5,21022
3,16453
3,69041
1,98808
4,61346
8,37852
2,4262
7,30205
3,39146
3,79853
2,22293
3,34062
6,47307
3,60465
6,44059
7,66363
4,44944
4,41294
5,75114
4,07128
3,37078
0,416881
7,4312
4,26924
0,715922
3,65448
6,23931
4,7213
0,765939
8,84124
8,63456
3,50092
2,88763
6,59127
4,21788
4,82619
2,09255
0,073256
3,41802
5,80766
4,59802
4,64427
0,230111
5,21159
4,75685
4,42671
7,55407
0,76378
8,5468
0,387142
6,49759
9,31625
1,50802
6,32324
5,53985
2,38851
1,75151
3,71033
1,52405
6,4021
9,45452
1,25068
9,23495
1,23421
3,4929
0,080274
0,469171
5,3299
3,52864
3,41054
6,4157
2,46164
6,56615
0,792492
8,15016
0,820181
9,97841
7,66902
4,4132
6,62409
7,14739
4,93102
0,820263
2,92799
5,21097
1,27102
4,09563
2,72807
0,0261763
3,93858
5,35534
3,10167
8,4682
6,73889
1,98882
0,00066561
8,79899
9,91207
8,07135
2,43764
0,678529
8,56807
7,02907
8,15935
3,71039
3,62589
6,04732
6,6212
6,72539
5,22552
4,82379
8,25595
5,30125
4,72049
5,58451
1,44255
7,55361
9,29697
6,47423
1,52251
2,09912
5,00758
9,08846
3,7272
0,919436
0,0441532
9,98052
2,49577
5,33375
2,69261
6,19062
8,94496
1,51339
4,21773
9,54548
2,67709
6,01423
1,12297
3,0661
6,65646
6,23647
3,36215
8,29725
7,58221
6,89293
0,909557
6,40736
9,83672
7,67006
6,70597
2,49736
2,03228
1,24849
3,00173
4,8878
1,42385
3,55254
6,64763
9,02785
6,10524
7,83814
6,16514
9,46449
0,719631
2,1996
7,39188
1,82244
6,36143
7,0242
0,525196
7,81166
9,78326
0,943196
1,03951
5,58562
4,50958
6,85499
3,99591
3,08271
3,4431
7,34989
6,92521
4,98825
1,9544
3,97997
1,67884
3,33892
6,07106
3,88782
3,85357
4,44087
8,26839
4,20808
8,35099
0,370344
4,1978
7,16165
1,11777
5,68757
7,76744
8,17356
4,27303
4,03682
1,99688
4,74155
0,491106
1,74742
7,47003
0,462532
4,1912
7,32397
3,80046
3,93956
4,86341
1,42588
9,08212
9,32202
7,32512
3,08249
0,707064
5,04912
6,43373
5,36141
0,102364
8,49404
0,212056
6,85947
4,92181
3,68704
1,65987
0,0480459
1,43588
2,86008
6,84145
9,08192
0,801164
5,30143
7,41707
8,28091
2,61009
1,03004
9,37093
4,30501
9,45162
8,76099
6,02264
5,49688
8,37423
4,87788
7,91434
3,18087
5,35047
5,47283
6,03543
4,79437
8,00701
5,49916
7,72907
1,60868
1,59181
9,52563
7,73639
5,7096
2,06573
8,64732
3,96987
6,29294
5,50891
0,237768
9,76229
0,00251953
4,93342
5,33629
1,52151
9,38032
6,11742
0,193529
7,58983
2,35107
2,19122
9,95243
6,77613
6,2202
7,19045
6,63336
6,88983
6,82342
3,87109
0,515611
2,39581
9,67876
5,7061
4,74856
7,87258
0,625226
9,37199
9,37432
4,69549
2,18393
3,98684
2,37885
6,80045
5,5831
4,9506
3,93768
0,433798
8,71319
6,34246
3,80277
6,90648
7,2309
8,16949
0,675394
9,09402
0,429391
3,24781
0,215425
4,35704
0,12821
9,54135
4,87676
7,10987
8,79128
4,10225
2,29613
1,4561
9,63165
8,75354
1,62945
3,98379
6,26447
0,361742
5,84508
5,38014
3,39587
5,29339
1,32923
5,89149
6,09531
9,44436
3,94188
2,76683
6,24976
3,51087
9,04669
1,24631
9,42337
6,29073
5,16125
6,05665
6,90516
5,73527
6,42341
9,71727
6,09742
0,225812
3,35927
9,59541
1,61628
9,50364
8,3568
7,91075
4,09405
3,66969
8,19849
1,27123
0,15591
9,03759
5,79736
7,64697
8,9162
4,40405
4,99329
8,71438
5,92639
3,21246
0,307323
9,28672
0,198574
6,16381
2,31477
3,10508
1,22856
0,305095
9,06949
5,18701
9,56886
5,4211
4,20885
6,65363
2,19434
1,11566
0,374395
5,04674
0,0774295
6,10576
5,96103
5,06386
6,82379
2,6977
5,2229
8,68034
3,59748
2,85591
6,99123
6,45223
4,6886
6,74386
4,17261
0,258357
6,74184
8,14254
4,76957
0,988273
6,16025
7,76626
8,20737
9,58788
4,27882
3,91455
1,28733
7,04539
7,52429
0,843656
5,53812
0,153702
8,90703
2,21393
9,66132
5,6027
0,159822
3,52663
5,10414
9,6858
6,72749
6,60663
4,79923
5,21199
8,98357
4,82802
4,59207
1,29826
4,84277
6,86214
3,58595
8,15805
3,11818
4,46366
8,69744
6,47433
9,55438
2,29505
3,70941
2,76084
9,46372
5,32928
2,38171
7,17237
8,75233
7,82691
0,214685
6,40508
7,46887
6,4908
2,29217
6,5488
9,52737
2,66608
5,2776
6,49017
8,36338
7,47408
1,42784
5,26229
3,14546
5,5665
0,777212
6,9007
4,18876
6,08212
2,67941
1,92973
5,70351
3,09836
2,24195
3,69266
1,77239
8,44348
7,69849
2,22723
3,98704
7,03866
1,79405
1,92222
4,44058
8,24377
8,3985
4,27953
4,63488
5,1388
2,90107
9,66802
3,96055
8,85684
6,26972
8,29055
9,39985
5,12069
4,54953
9,2028
1,01854
5,63374
2,40166
6,35521
2,62287
6,97229
8,25397
4,9544
2,45753
4,27041
8,79177
1,14123
2,90517
5,82481
2,99136
5,19207
7,1209
0,577098
1,5165
4,76595
1,55765
3,47948
9,88954
0,0877489
7,40587
5,21806
3,61064
5,25272
5,67913
2,36686
3,9616
8,34494
0,743916
3,78001
2,30859
2,4566
4,72891
4,97313
7,77182
7,43772
9,26327
4,52565
4,92124
9,72108
8,32349
8,66173
6,17587
3,16669
5,42879
4,60793
9,80292
8,62618
3,30214
8,8824
6,07432
0,919205
5,79473
2,29085
3,37118
3,63228
9,95673
1,49726
0,331225
7,94516
2,36856
8,15333
4,69178
1,94461
7,05464
8,36343
2,02617
4,54024
7,42581
6,42885
6,69872
5,91619
6,67909
6,00694
9,71163
5,84974
8,56469
6,73401
4,40346
0,624409
5,60854
8,38812
0,107764
1,71575
4,81291
5,82209
6,76556
7,24254
4,39521
6,91066
0,915898
5,18441
5,52252
6,31172
4,82974
5,94786
4,82013
3,05701
2,66523
5,16184
0,703619
8,76177
3,96024
2,45708
7,09726
0,245932
9,97904
7,19997
3,43649
1,35073
2,76038
2,5061
2,68241
4,72418
6,27052
5,88563
5,37387
5,70934
1,37703
0,0442726
2,32326
6,63009
9,90035
3,24008
3,40835
1,72027
4,76537
3,45629
3,12948
9,02152
3,9345
7,12712
1,79681
1,86082
0,469172
8,07359
6,77463
6,99076
7,84921
2,78457
2,82424
7,67214
2,14987
9,07252
5,28943
8,12488
9,11514
0,452702
7,02999
8,30051
8,08707
7,12275
9,83058
7,2975
4,88855
8,68762
4,84209
0,695773
2,23051
4,73153
1,74378
5,64699
3,07025
4,39924
1,07008
1,51109
8,92224
5,33208
3,66825
9,22718
6,83075
1,86936
8,22657
7,43411
2,69801
6,71213
3,35635
5,64986
7,08583
9,31597
9,50237
8,43498
0,33684
9,7866
2,05185
6,55371
0,936901
9,49567
3,4064
4,42962
5,32249
2,73376
1,20481
0,842213
8,64857
0,23427
5,79002
7,73052
6,66327
4,31506
4,56877
4,75833
2,49747
4,12321
9,2769
7,47336
6,78233
6,83022
9,41463
6,21055
5,51641
0,691127
6,31073
1,01079
3,68525
8,34144
3,59879
5,84771
3,71455
7,88113
1,57801
8,27042
5,68204
7,27523
4,53028
6,58925
8,2729
6,06681
3,58146
5,52073
6,32255
1,17027
8,63867
9,54291
8,46185
3,45983
9,72689
2,31566
5,78689
9,26779
7,93938
9,2135
1,99299
7,49477
6,92411
0,699684
2,34423
7,86449
0,470158
0,97161
1,35681
2,80005
4,94034
8,58482
2,13913
9,86388
4,29301
0,128148
8,16931
0,27423
7,43401
7,67041
3,41638
1,86028
6,82261
2,47595
5,6646
8,29608
1,89031
1,25432
1,5272
0,0149871
7,15014
7,2764
7,25952
9,00058
8,93791
2,58597
8,51132
2,95141
2,81299
8,67237
4,43506
8,49512
6,12724
0,616435
7,77024
6,16212
4,96394
7,42728
6,23384
8,02168
8,46518
3,60595
3,88777
8,50913
3,43398
1,43202
8,44522
2,64728
1,59052
6,83946
2,42249
8,02714
7,1962
9,20657
2,27361
9,85295
1,42869
9,16435
1,47969
2,14933
0,706559
7,83308
4,20119
3,24282
4,61039
6,41547
3,39897
2,74007
8,08119
7,08261
9,30069
0,470123
4,2752
0,871561
8,28496
7,20371
2,8206
2,85173
6,02207
5,33973
1,46313
0,533222
8,37397
6,09014
3,4416
8,42264
4,91107
3,25342
6,27233
9,00231
2,25349
4,32271
0,264673
1,13167
0,708814
3,83455
9,56586
7,21404
1,63229
9,05102
2,71608
4,62444
3,84517
5,84962
8,61465
1,99611
0,650936
9,54676
6,922
9,15715
6,45824
9,95407
6,68698
0,0407385
3,6494
2,28085
4,77653
5,89411
2,98075
0,776131
9,04108
3,24497
7,59127
8,52303
8,69858
0,741657
5,30074
0,818077
0,428823
0,807432
3,89855
6,76686
5,33787
7,63633
7,77601
8,49541
1,18752
6,62606
2,19801
3,33974
8,15252
0,725005
6,69006
4,1253
1,48695
0,235146
3,90036
8,17715
4,80724
4,17237
9,08982
9,81839
8,83444
1,91985
8,71836
0,36949
0,709286
5,52879
4,48311
5,84755
7,8936
1,36199
1,83992
3,48437
8,60418
0,193821
2,60663
5,30418
7,86493
4,67219
3,42678
9,1699
5,2089
9,00342
7,26309
1,42729
0,340391
1,93551
9,38847
4,11538
0,220628
0,295066
8,72712
1,0506
0,925974
3,48977
8,20821
1,00712
7,70617
9,44155
4,53032
6,88239
3,3668
5,75137
5,87075
2,27817
3,44346
2,65954
0,287312
1,44768
7,62791
8,96422
4,16166
2,4716
4,33589
9,19647
4,39428
0,184157
0,743333
6,10783
4,3729
8,33226
0,696385
0,569623
0,173207
7,27808
4,57218
5,08782
7,07669
3,53384
3,65788
4,2543
8,46885
3,34004
3,90944
0,9678
4,75198
4,10799
7,17882
8,89051
6,49843
5,83715
2,06954
1,02104
1,987
3,53406
4,63558
3,22492
3,4972
9,51205
8,89062
5,3677
1,6828
5,5651
5,78115
3,5771
6,89754
0,878355
0,398499
7,66648
3,62423
0,534604
7,537
2,53817
2,70438
9,91801
5,83457
2,35661
9,72767
8,53309
9,0075
9,38364
1,18814
9,86509
5,20422
1,07005
0,0239627
6,1782
7,29071
5,86967
5,32039
0,384809
6,4101
2,83025
6,50493
4,65937
6,78474
6,65626
8,19172
0,89162
9,76204
3,37101
4,77923
9,19385
2,59486
0,273607
8,01943
6,80243
9,52324
7,73988
8,78878
4,00087
8,20662
3,05046
3,94964
5,72476
8,80215
5,81162
9,25507
3,34134
7,58942
9,06091
5,18328
0,379331
0,640157
5,75819
5,46961
7,03836
1,80258
6,92216
4,22578
4,05707
2,1409
7,81505
1,17285
9,92068
0,912309
4,46595
0,91391
9,30514
9,01237
7,7163
0,703662
7,60752
0,599371
2,32304
9,07392
3,2985
5,89694
7,1427
5,26027
9,42989
0,909382
1,86018
4,23119
1,63315
3,73667
1,39651
2,34956
1,49531
2,36115
4,68077
6,1742
1,60541
3,57005
8,88759
8,77004
2,84136
6,53312
9,38746
8,46177
5,44676
4,64134
3,14298
6,44674
7,83631
6,08084
1,51352
0,169402
9,91907
7,57619
9,50939
6,23845
8,77939
6,26848
4,4761
8,68504
8,99709
4,59716
1,36783
0,413884
0,449122
6,08381
6,16231
2,41278
8,107
5,17288
8,88897
2,80012
0,729309
3,03406
3,61587
8,44333
2,26482
9,76461
3,60539
8,0659
8,79766
5,28017
5,55682
6,64476
9,31282
2,87991
0,37322
5,20725
5,79459
2,07866
0,280374
4,8874
9,31706
7,26284
1,63512
6,15653
0,632221
5,30262
5,71503
5,14638
7,14672
2,87408
8,51848
7,29027
1,78931
4,48648
5,30333
6,61616
9,38859
1,28358
2,12198
3,61142
7,03572
3,95647
3,62068
0,234415
3,72588
9,58022
5,42757
6,97749
9,81325
3,29716
9,02186
4,19658
3,34347
1,63572
9,03268
2,84316
4,00259
8,56328
0,327154
7,51694
9,00372
5,27727
3,11591
9,95492
4,22767
1,34142
2,78893
3,07031
8,49588
9,12331
6,3392
5,80885
3,612
0,2231
5,7277
6,86401
7,56041
0,496475
7,42125
4,92168
4,68763
1,32958
9,18912
0,637732
0,0800409
0,0216703
5,90086
8,18078
0,155986
0,458133
2,23746
9,07618
2,2817
4,28418
8,25923
7,82315
2,55103
3,32857
1,71318
7,112
3,3484
9,13541
2,3097
0,993489
5,42568
9,77134
7,72996
2,01945
1,85588
9,07745
1,02548
4,60581
9,90422
7,29865
0,287009
4,54743
5,64107
3,46331
9,73581
0,416496
9,32593
1,74126
7,29046
0,666462
3,82569
5,63299
2,12832
4,69953
9,47086
7,80219
7,42086
0,220432
9,43187
8,52819
6,5901
8,76059
4,88183
4,64283
4,152
2,98193
4,74068
8,09054
1,85639
3,25608
5,54831
5,66198
9,00229
5,44917
8,54552
9,54783
5,32559
5,97186
1,15946
1,57336
0,590444
9,24753
3,48793
6,28394
7,07893
6,08279
9,91278
5,8481
2,85711
6,24484
6,50636
5,11811
8,65417
1,883
8,13687
1,5855
8,74473
1,40938
6,97712
6,43584
5,49128
3,04181
1,80934
1,38177
1,63104
4,18708
4,53492
1,83491
1,63808
0,551624
7,38607
3,12994
7,17284
9,5466
4,24263
6,87242
3,45303
4,65946
6,17388
9,79649
6,47038
7,66009
6,63924
8,35828
6,01279
2,08909
5,77382
1,18788
7,29982
5,7321
2,86117
7,92774
0,989524
3,26737
6,37901
7,12083
8,22344
5,76537
7,50431
7,43001
5,67755
9,38674
1,63564
9,4349
1,96863
5,48419
4,2642
9,75268
8,37669
6,14384
7,61171
6,61796
9,96491
9,18556
5,49675
7,47386
0,417281
0,167055
3,15927
9,18127
1,41846
2,29249
9,64526
3,86998
4,12462
3,7706
8,59895
6,35162
9,54299
4,39316
4,02433
3,73003
5,32819
1,85316
7,46501
9,02634
8,75768
2,83193
0,776733
8,95458
2,22863
7,57388
1,49806
6,12263
8,14889
8,47437
1,58218
8,95647
9,26273
6,81472
8,02517
0,943133
0,284335
1,95279
3,12351
2,23174
6,98566
9,93085
2,75096
4,85377
6,90026
4,60196
8,96096
2,00953
3,60099
8,88712
5,22175
0,932655
1,39777
9,99692
7,21174
6,95366
5,80732
1,99704
4,33501
3,22858
1,93687
4,12612
7,85332
3,05078
0,908719
1,79617
0,953804
3,3912
4,24096
3,73332
3,96997
2,85833
7,45479
0,693023
7,45426
9,30529
8,00116
1,11469
7,76636
6,16103
1,21905
9,00311
7,42989
2,94035
8,34634
5,54885
4,46588
6,42124
9,64711
1,29725
0,257729
9,34991
3,02614
0,496395
8,70622
2,137
9,98269
8,06205
4,17417
3,3517
7,82568
5,15244
2,73661
9,337
7,66219
7,03342
3,71917
3,48494
1,64233
7,68512
0,0586181
0,924365
0,716708
8,91784
0,969988
0,311086
0,098835
5,67415
1,9173
8,45772
4,43797
0,513737
8,56743
2,22284
4,46073
3,69552
6,31286
9,43584
3,91317
0,946245
3,34508
5,59903
7,20594
0,705813
1,93505
8,71933
3,40326
7,92697
9,49838
0,0701331
2,34175
8,32244
3,27961
6,673
3,83356
6,83644
1,39198
8,94113
0,669005
1,98735
6,6318
8,99199
7,15145
6,80506
7,94116
4,25583
0,94906
2,22142
3,16084
7,40913
5,76109
3,43104
1,02969
7,90482
2,87643
5,25733
6,50629
1,18662
5,27872
8,54057
6,32302
0,464923
5,99483
4,09741
7,98062
1,41526
0,271778
5,2731
8,25256
1,00281
7,81924
0,645834
6,05594
3,66701
6,78378
5,38958
1,85246
5,91574
2,38853
2,74002
3,02359
2,37477
6,68159
2,39492
6,35226
9,3536
6,86592
0,80449
8,4224
6,43585
8,35477
8,52544
7,85552
7,94423
9,40739
1,34954
3,9028
4,05676
5,13992
3,38584
1,63396
6,03365
4,13266
8,69071
5,98308
5,10133
9,89543
9,64993
8,99897
4,64959
8,52308
9,57544
5,99575
9,41843
8,05622
8,06049
7,41622
1,34145
6,56617
3,38479
3,04769
9,44459
0,884622
2,4813
6,93557
6,91526
9,74323
6,81512
6,17894
5,30867
5,46314
7,18544
4,7314
4,15015
0,0985703
3,5415
8,94182
8,62499
8,09884
9,11247
7,88404
2,47238
8,76184
8,27742
5,19032
8,42931
1,72266
0,436929
5,42448
9,90087
6,70613
3,30016
3,44795
7,69143
5,86298
5,82079
4,64245
7,59484
1,35108
5,17181
4,87633
7,87218
6,13606
5,93285
8,44513
3,26344
1,91624
0,458909
6,77634
2,23012
2,27878
0,385557
0,867631
8,02201
9,79082
8,30289
5,82131
3,8167
3,34354
5,64196
6,89054
8,53068
2,33711
5,85519
8,66864
0,99189
9,16163
7,09573
9,56064
9,31966
8,90083
5,63512
7,92605
9,83677
9,32895
7,60755
6,3905
0,84081
9,71513
0,69945
5,4606
6,91949
5,33392
2,05648
2,01489
0,201054
7,48515
2,01436
1,56045
5,36037
9,03644
6,39552
8,64181
6,26453
4,26726
1,26058
7,02967
2,26923
7,86075
8,90543
1,89082
9,15323
1,66358
9,23787
0,901726
0,209566
9,36101
2,66174
7,70203
9,12871
3,9919
1,27066
9,80419
5,40643
6,64166
6,45698
8,20073
5,99922
9,29189
8,20646
2,33806
2,72934
8,42241
4,49298
5,86666
4,24984
2,32462
2,76131
6,78953
2,23737
0,967689
8,21974
2,97163
0,580231
2,74731
9,99706
0,565512
4,27887
1,28508
2,12813
5,1342
8,76186
8,47013
2,52677
2,97471
5,88632
0,893664
9,36789
4,28955
7,00864
2,57507
4,69451
8,19638
2,96412
2,78202
8,6331
3,69406
2,18106
3,77663
9,80507
3,77735
0,742491
8,22649
1,46965
1,32398
8,85233
8,79505
6,78218
1,0925
0,241293
3,44929
0,674183
0,353104
4,82028
5,43764
1,70521
7,68556
1,25108
3,01341
9,42593
5,35925
2,82625
8,16104
5,84318
4,0142
1,03774
4,20789
6,47991
6,37795
1,55978
7,71346
8,41671
9,29374
5,40601
0,941583
9,64095
9,65122
2,21161
0,737822
5,35475
2,39051
8,1241
0,185301
5,412
6,92494
7,68105
6,74595
2,89699
3,10085
7,62579
5,30707
7,63002
4,4338
4,01187
8,52282
2,81723
5,43925
7,54509
6,7279
5,67601
3,37924
9,16208
5,461
6,373
8,57301
2,62937
2,00478
6,33917
1,97594
8,61039
1,75418
4,55351
8,87613
5,43546
6,02255
0,689823
9,7585
9,88576
3,67721
0,748962
3,36876
4,2304
4,81291
0,56058
8,41956
8,48417
7,24063
9,52295
0,139243
3,80152
4,33451
6,00379
2,15605
8,47695
7,60267
1,97986
6,50847
7,11421
0,215698
6,86319
0,830868
2,20066
2,48372
0,943921
9,84481
4,29254
8,0482
3,89427
3,6511
1,50982
6,02212
8,81793
3,84794
5,70471
2,61255
5,95027
7,74771
7,09431
6,95758
0,0773913
1,32251
1,23672
2,60017
6,70565
7,22716
8,27456
4,113
3,47863
1,68162
6,59618
7,95755
8,2004
3,85339
9,35689
9,64152
4,12457
6,52706
2,84537
2,89253
2,04264
8,46829
0,562464
0,0723355
7,14135
2,54341
2,05992
7,43355
5,59892
2,00472
9,86891
4,32156
1,39618
1,06552
0,471271
8,91603
4,34511
9,63456
5,19095
3,29998
7,6567
7,89948
8,34909
8,94716
2,45382
0,792226
9,26514
7,98741
2,81465
1,40482
5,38142
3,613
2,02973
4,48572
8,62012
6,08937
7,03993
0,728952
4,88158
9,26413
5,73252
1,84704
4,47705
9,06396
8,46544
2,76031
7,92302
2,82902
7,86848
0,259861
3,54385
2,57912
2,58079
7,88487
9,23477
3,18227
8,17279
9,38131
7,6497
8,96803
9,19053
2,92297
6,28227
8,69052
9,88434
4,51634
8,36947
3,27045
1,55653
5,48125
1,59773
9,60178
3,78831
0,228459
5,19312
0,329285
0,664839
5,17268
2,3282
3,67621
7,50183
4,32064
5,92063
3,24404
6,1366
8,94346
3,27777
7,65571
8,44552
0,0133044
0,883527
4,57318
4,15421
6,67106
3,34221
4,3897
8,387
3,03577
4,57031
6,89445
5,69394
3,87341
1,02726
2,51508
8,42625
9,70393
6,72256
6,94539
3,7377
6,54776
4,92541
9,42709
5,45429
1,98224
2,8144
5,14868
2,33803
0,562783
1,85686
0,979789
3,44482
7,40063
8,10758
5,9103
1,87793
9,94544
1,58217
3,08685
7,4953
3,29714
9,13164
8,87214
9,81086
7,19112
1,17341
8,7834
2,41581
5,31464
6,81936
2,94582
8,41871
3,69592
6,73421
7,4942
5,54198
9,39745
4,95056
0,0875526
5,02052
2,08195
6,98646
6,25403
7,19499
2,00689
9,39696
2,63444
5,41956
5,09794
9,53624
8,34352
7,36414
2,3562
6,85292
7,61013
9,64822
0,822938
4,95268
3,89766
4,59933
6,44237
3,98819
7,18249
7,47251
7,22776
7,32625
4,1857
8,34142
6,77883
4,35758
6,2022
0,0436389
2,02436
2,97354
0,826938
1,93771
5,07083
6,42621
2,81439
2,08717
6,05201
8,0731
0,00842768
1,66653
2,26909
1,23151
4,09395
1,78553
8,52076
6,77368
8,30604
4,16049
1,5357
5,44784
8,1169
0,364676
8,09456
4,74734
6,40362
7,48308
4,77711
1,462
2,51778
9,67049
7,44185
1,64223
3,87217
8,90701
7,5799
9,21693
8,93035
1,74749
1,9749
1,75118
7,06936
3,17759
2,05874
3,62541
3,67896
1,3484
4,51817
5,46327
0,65057
1,43087
7,46211
1,93547
1,22559
5,38009
7,45896
6,57802
6,52916
0,421103
0,525014
3,58949
0,0673409
5,97951
7,09341
7,72328
2,3669
3,06635
3,93956
2,8686
3,01787
1,4207
7,91012
5,03576
0,117227
8,96959
0,236837
4,994
3,34611
8,02913
0,413432
5,11782
2,89882
6,33892
1,44177
7,75322
7,79702
7,71878
8,26655
2,10301
4,03207
0,46579
7,56487
6,50339
0,665762
2,51447
8,77176
9,67576
8,99867
1,23156
2,3732
8,67614
2,11592
1,9833
0,0452514
8,17705
6,27489
1,16205
2,9317
1,14097
8,96354
3,61309
6,77767
4,33198
8,06267
5,83724
8,11722
9,74086
6,82363
8,03917
0,243103
4,80921
8,92237
4,87016
6,4035
4,39834
3,96948
4,24154
9,22143
0,243534
6,40833
9,54811
0,262615
5,66151
1,48879
9,98568
8,41343
4,12358
3,3059
1,75719
6,27566
3,41427
2,59753
6,26007
6,17858
3,49502
4,26733
1,85749
4,14937
5,43457
4,68397
4,58067
6,27235
6,95685
7,93938
5,74347
7,78664
8,0562
4,77312
2,98423
0,449708
9,0053
0,813388
0,132452
0,899069
0,0595777
2,15977
5,63006
0,302699
4,28069
1,30868
6,61092
8,76804
0,402709
2,18703
6,90525
9,90982
8,35648
9,6241
1,80553
4,1654
5,43522
0,0338815
9,4653
3,59875
0,397232
6,79934
5,10865
5,23166
6,76198
6,06707
0,0287231
1,20185
2,55135
9,3564
7,85717
3,69686
7,65179
9,36751
8,01737
2,29322
6,95783
1,682
8,82494
0,55343
4,84334
0,675146
3,87517
3,22174
1,70048
3,90223
1,40962
0,472363
5,82158
6,79896
3,59935
5,43148
2,71245
2,69006
7,07862
8,22345
0,654948
2,82185
4,72862
7,71472
9,08584
7,00692
4,26545
6,43062
4,57513
8,31361
4,12654
2,22927
7,73203
3,73806
4,03645
1,16859
3,46159
3,28023
9,14407
2,20652
0,219983
7,57404
3,63188
7,83774
3,57693
0,155669
6,6788
9,99101
0,513348
5,5291
1,3208
4,98259
6,21247
7,66222
4,62822
8,00722
8,60899
2,44193
3,82557
3,82202
2,23429
1,18024
7,99125
4,35225
3,78603
0,296788
6,4668
5,48363
6,64396
7,73688
7,63816
7,99231
0,31464
9,36675
2,43057
6,37164
1,66163
9,47631
3,49767
4,69541
7,80949
1,86775
5,76287
8,32041
6,93859
6,30884
2,43546
1,71196
1,22268
6,27721
1,1072
3,30244
3,61767
6,19433
4,27374
3,94915
2,24091
9,12886
8,12396
5,47611
4,52611
2,136
1,93981
7,97409
9,33883
1,93411
2,6028
6,03574
3,87525
7,57365
9,94195
0,457765
0,585526
8,47582
6,80695
5,13855
8,79083
8,69619
4,62872
9,28763
2,13996
2,22844
8,66201
6,65062
0,569482
4,93755
5,61785
0,634031
1,40104
5,61722
0,905069
1,57536
4,44707
0,00610532
2,46337
8,57166
1,40868
9,61204
3,33411
9,60749
7,70689
1,61083
1,53527
3,92348
1,97358
7,3173
5,35723
3,82822
5,97901
9,47416
1,03638
5,19753
8,39415
4,53898
5,40658
8,62094
0,42621
5,93932
4,8524
9,38952
5,57577
9,22522
3,3855
3,74362
0,0348211
6,41421
7,83495
6,2434
0,0250358
8,43408
3,58722
6,3666
5,11718
3,42886
5,46872
2,53035
4,11546
4,74458
1,37899
0,0332598
2,57199
1,91313
3,31471
2,03638
2,05179
8,79246
1,95726
0,417958
2,71919
4,8095
0,377167
8,72284
2,13123
2,26463
7,17249
2,11859
1,46763
9,75431
6,26677
3,59642
4,71634
7,91305
7,00903
0,117284
1,55629
6,98351
2,82147
1,79446
3,33738
5,27816
2,62141
8,25152
9,9056
4,29482
5,48457
1,39818
3,37905
9,11376
7,03417
6,64579
8,19124
9,23397
9,73665
0,226633
3,70305
7,59645
8,78443
7,55142
2,17755
7,95563
4,00756
0,903478
7,71434
3,41488
7,54826
0,142484
7,88433
4,06262
0,565122
3,26662
0,216958
3,90244
3,12587
2,03397
1,87133
2,08348
2,87759
0,572277
0,335393
6,10994
6,7669
0,882196
8,82923
1,32153
7,0302
1,59615
1,9717
0,620107
8,95173
4,63855
7,2412
9,05792
2,61468
7,95828
6,25495
8,33871
6,71107
9,17324
2,57819
9,1088
6,01969
6,0921
9,38029
8,38716
7,95488
3,20431
4,39112
3,78066
2,66288
6,11537
8,82059
5,79286
1,12795
0,59649
1,98957
0,180166
6,17697
2,29103
5,053
4,37056
9,68182
0,41815
0,487726
7,91288
8,49132
7,49102
8,62451
6,85818
9,87077
6,3203
5,12188
6,13515
5,18516
5,34573
6,37418
2,54445
9,8435
3,88112
9,27671
4,82557
0,608404
6,31485
9,51838
3,75469
8,10351
7,61234
4,8717
3,99227
8,57856
5,65663
1,15974
7,36344
1,64276
1,16612
5,01939
4,77721
3,5304
6,66858
4,08168
0,0322459
6,40755
2,07786
5,3073
0,538103
9,57702
9,25396
0,495145
7,65297
9,76475
4,50045
9,06055
4,64684
4,17946
0,645842
0,629273
0,643217
6,53975
3,16223
7,3054
1,33414
1,8171
0,515257
2,04519
2,65067
6,99225
6,51057
7,67857
9,03541
8,82029
5,24364
3,92765
7,64148
5,79452
1,60157
5,39832
4,18802
7,62279
9,04101
8,15796
0,841144
2,57856
4,04652
6,35332
1,09178
9,93638
5,6828
5,03232
5,78465
5,92993
7,87233
4,5793
8,76161
7,93065
8,20364
7,11944
7,92927
9,20391
5,96558
9,88652
5,29534
9,03342
2,03574
6,76601
1,45834
3,17972
1,25362
7,8702
0,896184
4,27003
8,19994
4,93913
7,89258
1,17853
3,14635
6,82875
7,70524
6,67495
4,44659
0,904452
7,12856
7,46139
7,38912
0,537174
4,32043
1,41377
1,2976
6,12011
6,1312
9,22651
8,39149
3,35514
6,45193
1,71884
2,80357
8,44497
4,16704
7,91082
6,09329
1,48893
1,06154
9,79881
8,25393
9,30934
8,82226
6,6869
0,795803
6,00805
6,79424
9,92709
0,279377
9,10679
9,45597
6,97939
2,31376
9,85106
4,01578
8,73038
0,22789
4,93868
5,05815
3,91466
9,80749
8,42509
8,51936
1,12603
8,5045
3,35599
2,13514
1,94572
3,8088
2,46882
1,03516
4,25346
1,32763
7,72648
9,28938
4,38667
2,01863
6,42263
5,57285
9,84956
1,74893
1,67945
5,31668
4,4792
1,97882
3,63887
9,24542
4,16261
2,8696
3,59952
5,78759
6,61723
5,32816
8,30178
5,2965
2,87658
4,14884
1,54464
5,8438
8,00742
2,34788
9,75511
9,49529
0,944899
5,52311
7,01255
2,92684
7,60405
0,487859
2,39622
1,23125
3,8779
8,65331
2,3719
1,68942
5,11063
3,33346
9,20972
0,991605
8,76508
8,25769
4,02943
8,46678
2,15322
5,96916
9,92397
1,38373
9,20135
7,07944
7,31097
2,83895
3,34997
0,477018
3,54316
6,90636
5,87508
8,64972
5,59269
2,67564
1,4079
0,609311
3,19461
7,42302
8,05272
7,2664
4,27047
5,29331
0,2215
3,7104
0,57628
6,707
0,395733
1,93646
4,39295
1,16475
0,424375
1,83945
2,12547
1,82355
7,53094
6,2776
9,96824
8,83305
6,22685
6,47668
0,545282
1,3649
2,32074
7,27444
1,25139
8,01959
5,44713
7,23673
5,30138
2,65133
8,65317
7,20756
0,429269
1,8851
2,53099
6,0094
6,43711
4,69551
7,20365
3,78902
7,04082
4,87565
6,47214
3,77818
5,70652
0,342594
8,78029
3,23864
2,57611
2,12366
6,71206
2,24331
0,0028143
9,66869
5,4563
4,87604
7,53475
6,06748
5,95121
2,08151
7,87045
5,22008
1,7572
0,770785
1,82573
8,37595
3,87569
7,54802
5,80453
9,38291
6,06309
7,79753
2,71072
9,86278
6,52566
8,76334
9,08469
2,15588
8,35889
3,47447
2,90686
9,39279
0,203826
4,83805
6,62518
7,13196
8,76747
4,3359
4,53431
1,92141
2,65442
0,569006
4,41104
5,7059
9,7656
6,37298
3,47853
8,34477
4,99773
1,74329
4,91558
4,19123
3,82237
3,48331
2,01114
7,31406
5,65319
4,35626
6,3626
4,48662
1,12457
7,8202
8,0255
7,40516
7,62368
8,28062
9,33441
0,995418
0,998036
4,85827
0,110959
9,31078
1,79008
6,10806
7,67012
6,9156
5,56056
5,84118
2,25842
4,59549
8,82996
6,18758
0,142281
1,83093
5,91777
8,05887
6,83096
2,48045
7,63468
2,90082
4,87491
5,08487
2,42072
8,44089
3,30619
8,04934
4,84108
4,15596
5,28444
3,6319
1,49172
7,57143
0,609055
8,23477
9,17085
8,76411
8,2144
7,3826
5,17309
6,86586
8,9529
0,18437
7,99731
5,38258
9,60207
6,21439
2,98275
3,60924
0,293248
7,24738
0,564766
3,94296
6,7776
1,79408
7,83847
8,66195
3,24905
2,05071
2,37679
5,3859
0,113232
5,23907
7,37104
9,10102
4,32175
8,12399
4,25084
5,45007
0,188167
2,3677
1,19134
4,77024
4,23892
1,42727
2,86196
5,80278
5,09792
4,80837
3,62143
9,91873
1,75542
6,40099
8,5265
5,8562
4,98948
7,95665
5,12414
8,90808
0,202406
5,07595
8,98893
5,53938
1,62738
6,14531
0,909258
6,02487
2,01291
7,56754
1,73409
5,82227
0,023337
6,22151
9,93544
6,03181
1,22304
4,84668
6,24263
7,59389
7,76114
0,452593
9,53334
6,42721
2,06502
6,1546
5,77402
9,54544
4,02935
0,17749
7,70052
6,37542
5,1408
4,33184
0,220654
8,26524
0,125974
9,26687
0,479351
5,231
4,89429
7,0194
7,30394
8,3075
8,31138
6,9902
7,98392
0,953567
5,69614
5,60619
5,49625
6,9076
6,21605
1,07586
0,645259
6,84067
3,61523
1,80214
1,37002
1,67588
8,8309
5,24423
6,85947
4,53955
8,41158
5,30272
4,02154
0,0107431
4,90278
5,83906
5,13124
3,85751
1,3536
3,71258
1,75318
8,35937
2,31368
5,20385
6,61187
3,32582
9,94119
8,58594
6,81154
9,44823
8,13246
3,51375
6,70592
7,91055
3,41165
3,86149
2,01917
6,21001
3,52401
1,89894
4,99338
2,67341
1,9605
9,61462
1,21209
3,70468
3,08693
8,67592
0,57703
6,7301
0,644214
6,36033
1,06052
4,93067
3,20988
5,06355
8,44486
0,830184
6,31237
9,87904
8,20411
1,39939
4,26429
2,09572
7,19592
9,60926
9,49472
2,25953
0,328008
2,81258
0,489189
8,02724
9,99094
4,31773
2,54315
3,16083
3,58655
3,00647
9,85951
0,764595
3,65346
3,30341
5,23346
6,99952
1,75011
5,8004
1,49564
1,0457
7,95771
8,83115
2,4266
1,04923
0,157284
2,07386
0,906095
1,39909
1,74279
0,365017
6,63993
1,30644
9,26781
6,17201
3,65016
4,10045
7,94571
2,63706
4,4387
6,87065
3,19079
1,03027
1,17729
1,37707
5,74313
1,26205
7,86506
1,26326
8,6477
2,41923
4,50582
8,43557
7,91675
8,1433
6,76996
4,5482
1,18438
6,32837
6,27794
0,164319
8,11527
7,25126
1,88654
5,7403
9,28948
8,50899
3,34691
4,04481
4,06441
8,25887
5,88969
9,11758
5,53465
6,00221
0,943006
7,02942
7,68634
1,41809
4,07586
7,74302
2,61031
9,4308
4,47207
8,60564
5,41328
5,32276
2,93416
8,62408
0,195564
1,70143
8,61298
3,99527
3,1939
2,40558
6,59218
2,07581
9,7971
2,3439
8,60655
9,28003
8,77893
6,49586
8,18317
6,73469
3,77741
3,14838
4,58243
1,01594
2,66816
2,18453
7,23305
8,23463
6,69452
6,06282
4,65198
7,16074
8,85324
3,11695
0,612617
3,09078
4,8616
4,41687
3,74651
7,79134
1,43848
4,22875
9,63898
3,69532
1,83542
9,53168
7,22205
4,71085
5,75921
9,02582
1,57823
5,49125
4,14727
8,64774
0,863643
6,07421
3,51641
8,19913
7,04186
4,59147
8,47592
7,93534
1,81364
4,10465
3,25172
5,64791
5,22185
2,89688
9,02387
8,73766
6,7046
9,08227
5,73042
2,77168
7,785
5,41387
9,33722
8,10811
1,76375
7,70021
0,589088
2,85573
2,94455
3,6611
6,10798
8,7796
7,20614
4,47254
6,5918
6,3476
0,952591
2,93701
3,05694
0,580899
0,613181
0,598091
2,80442
5,95437
4,04182
3,45934
2,81993
5,57488
9,04719
9,43206
5,8588
9,73089
6,60049
6,77059
6,26852
5,33574
3,52747
4,95244
3,65349
9,43863
9,43613
7,14193
3,84202
1,33145
8,95156
2,09651
2,29068
5,57982
1,96637
2,88331
2,0894
4,77306
8,10743
6,1326
4,66739
9,84235
4,18556
5,80784
4,69169
5,51123
8,97703
5,53718
7,85819
9,59541
0,366908
1,85127
4,98172
2,8841
1,92609
6,47995
3,45318
3,23815
6,95324
8,54349
8,57093
5,13341
7,63576
0,136686
6,68433
2,02101
2,80676
2,17207
5,94945
5,60556
6,78894
7,2047
9,75329
2,00516
7,27508
3,86293
3,12419
1,09143
0,365914
4,91858
5,82829
1,63109
3,40289
4,81889
2,89497
1,24621
8,1248
6,15681
5,36248
6,64159
6,07028
3,51404
4,44044
6,14969
0,972662
7,07426
0,439527
0,244092
7,10946
2,33012
0,817632
2,66478
9,25184
6,13948
7,50454
7,82714
3,88541
2,7156
5,15961
3,03019
6,81017
4,23635
4,22498
3,81904
5,36327
7,68418
2,37302
3,48081
4,11478
4,06558
6,51551
3,76717
4,06462
3,74232
0,203684
3,72057
1,56691
4,51319
7,79212
3,90091
6,32759
6,36462
4,5914
0,158792
6,13908
0,261358
8,89503
4,47861
8,94096
0,832475
0,692251
9,87797
8,44165
6,94166
8,61942
1,22992
7,40761
4,86028
6,87269
9,22588
5,30011
9,93014
3,14614
5,40279
6,52502
6,47494
0,486083
7,31916
6,76694
3,92777
4,7174
8,11688
5,51168
7,66887
2,93786
9,55158
8,49756
4,71925
2,76919
6,97291
6,07695
1,86873
3,74003
6,15914
1,85825
7,29998
8,9032
0,412021
4,85867
6,5305
8,9225
2,93301
3,34042
7,79236
0,369127
1,18761
1,28704
5,93124
5,27417
2,98467
8,72644
5,00591
1,19179
2,79486
9,44871
2,81188
5,53589
4,11722
3,34922
4,1204
3,60471
6,99775
0,494059
9,392
3,75021
1,22447
3,20988
7,26168
1,12122
6,83322
4,13257
4,78549
5,25249
2,35063
2,35762
5,50641
9,01057
9,0253
1,21904
4,3256
3,92898
7,51393
7,47615
7,45919
0,764889
1,36702
2,36365
4,10085
7,05857
4,27359
7,14285
5,80594
1,27369
5,35924
4,94618
2,27265
7,86867
1,67737
1,86069
8,14738
3,11817
0,901649
9,59702
6,52836
2,7009
8,8474
8,63677
6,98859
6,60443
4,81445
1,82614
5,1568
9,58397
6,35448
5,90967
5,03341
4,78229
5,15182
1,90406
2,05654
7,27582
9,17724
8,44586
6,49786
2,10049
0,961447
9,66925
6,07578
5,01097
2,47975
9,27736
1,71858
7,60912
4,49855
2,94579
8,38772
6,95493
2,04202
4,76693
4,33242
1,74168
1,60041
8,41357
7,84053
6,11128
5,16413
6,76549
2,90971
5,94902
8,7831
7,40776
9,90982
4,67624
2,98474
0,760407
8,33338
9,27833
9,02163
5,0923
5,8445
0,436003
2,99322
7,95375
6,69881
6,99421
2,133
9,30177
4,53657
4,50666
9,11627
8,75312
2,64889
0,900432
0,0881456
6,28599
0,543959
4,6478
1,20284
4,67955
9,9217
9,05404
7,61266
9,52159
2,69795
5,79179
5,04574
2,77812
7,38982
5,14638
2,54555
8,5543
6,80397
9,09117
4,61515
1,34184
0,299575
3,82128
4,79316
3,58229
7,2944
7,68179
1,09586
7,48172
9,08382
4,53541
3,79475
8,99057
5,80996
6,84577
8,90097
3,27912
4,69566
1,38451
4,51695
2,41492
5,18539
9,38839
5,71317
1,69495
1,5003
6,08774
2,36964
6,07552
8,48737
7,61751
9,33666
0,861376
7,47513
9,78825
3,70539
7,99144
6,06348
6,56659
3,34725
1,96456
2,10552
9,30269
3,32231
5,32265
3,30195
6,92623
5,35251
1,0387
8,91677
9,68194
8,83385
0,657825
4,33868
4,34062
9,39683
5,95641
4,0856
4,34048
5,3236
5,83552
6,01442
0,764636
2,95623
9,70042
3,80165
1,52337
2,39913
5,2672
8,60372
7,98157
9,77842
2,15322
7,08121
0,242124
5,2317
9,5817
3,80927
8,42201
3,9709
5,36593
8,58304
4,41224
6,43129
1,53573
6,94717
2,49156
3,56909
4,28819
5,55865
7,95403
1,65492
6,47914
0,890314
3,38185
5,08843
9,52179
3,94685
5,34852
7,49586
4,60637
5,33508
4,18637
8,55308
9,63743
7,02404
1,2533
6,88147
9,03457
9,67394
8,97507
6,74877
8,73936
7,03529
8,39902
7,60482
3,11014
5,70689
7,54445
8,72441
3,05585
2,71439
1,50472
8,8423
1,3753
6,89888
4,04535
9,36169
6,57962
5,15994
4,53319
7,81551
2,8186
3,00036
7,79247
8,48264
4,03062
5,59888
3,39702
3,00635
8,02071
3,527
8,17562
1,39735
0,0622893
5,63844
6,25128
7,81571
2,87725
3,67418
2,41707
9,7735
1,16254
0,418936
3,95961
8,5039
4,76131
1,82031
5,78516
1,25878
2,30388
6,33939
9,57558
8,26875
7,85137
3,27703
1,87405
1,11897
1,00724
5,69268
7,19733
4,21244
0,610953
9,39738
7,26063
1,508
6,65542
4,27904
5,62549
9,38298
1,19703
1,6865
9,04171
0,609067
5,3641
0,837645
0,55418
3,04368
5,35807
5,38822
0,8229
6,16073
2,56204
8,38483
7,83267
1,21007
4,16454
4,41762
6,36219
7,62226
3,38558
3,13808
6,64101
6,59098
5,72573
4,20079
5,08216
2,08019
7,97173
0,893594
5,30784
1,12817
7,66967
0,87359
7,12816
6,95494
2,60134
1,66588
8,43946
9,90045
8,66558
7,69251
6,369
1,65054
4,308
7,35993
8,09279
3,14376
0,227989
8,60399
6,62855
2,83461
5,75187
9,23794
9,11124
1,3988
3,61038
1,13746
5,92626
0,0357526
4,60561
1,55884
2,19974
1,00466
8,10312
4,09791
4,4165
7,38393
2,88056
6,68065
2,66416
9,27951
3,07127
0,871174
1,69839
3,53058
9,92635
3,06066
5,57248
5,52871
2,38501
4,96956
1,25821
0,859188
2,18536
4,99988
2,36618
3,13494
3,90025
0,0533143
9,71724
4,96313
0,714952
8,34968
1,24647
2,66924
8,32399
4,43726
8,1183
8,73161
7,88086
8,80597
0,447611
7,49907
5,13435
8,81234
0,965482
1,41845
2,17798
0,87357
3,30213
0,117995
7,39736
7,76443
6,27593
2,81012
0,491692
5,77752
8,35693
0,397707
3,72725
1,02834
0,664987
9,75143
4,04453
2,20297
5,86949
3,47873
8,4347
7,09745
9,95891
0,269257
0,956552
3,88598
7,77109
4,93654
8,20404
3,1464
0,0185379
9,09229
6,26234
4,84711
8,23964
9,20804
6,30626
7,76851
2,86563
3,02248
4,1019
3,72135
2,85472
3,44209
3,48776
6,291
8,65433
1,37386
9,04837
7,47131
8,45369
0,907618
2,51887
8,28243
7,30595
7,68435
1,68653
8,08391
3,35188
0,306742
1,94987
0,399496
8,01009
8,21453
5,67661
3,72192
0,560049
2,1873
1,46877
1,87229
5,85924
6,76858
7,19573
8,6713
4,81337
5,45395
1,64195
8,03331
1,33222
5,00914
4,10529
2,81897
4,87814
6,53879
2,35945
8,88868
8,32543
4,2635
3,30507
8,87305
9,29698
1,00752
9,52454
4,73349
3,95874
5,91565
6,31488
6,06025
6,49405
4,92916
2,52086
5,63693
9,61443
8,05691
6,55169
1,85034
6,5019
8,16244
0,385667
1,66226
1,2592
0,500836
9,07654
4,60962
4,62372
7,57335
7,95567
7,04969
2,70931
2,87723
8,26
5,70881
3,59134
8,66578
1,20024
2,07026
7,02009
4,59613
6,31043
2,11573
3,2904
5,17911
7,76103
1,50325
5,73933
8,68845
9,66192
7,31299
6,7491
4,72715
4,20509
7,86229
3,08672
4,71649
8,58384
4,55643
8,93122
0,893548
3,55856
0,0312209
4,63594
3,51298
7,67349
1,04386
9,00298
6,29491
2,7855
8,66641
5,05613
6,04619
3,04019
2,9652
5,43925
0,000356947
8,97612
3,67212
0,974688
6,96007
9,49245
3,42584
0,905604
6,3862
0,967658
7,24875
8,75493
6,79067
1,98517
5,04136
0,638266
5,28534
3,44834
4,6637
8,8939
6,70466
4,09639
7,38175
6,63672
3,40234
6,79889
0,507147
7,08937
4,42941
9,44989
4,97964
6,97974
1,51072
2,88811
0,393241
1,61611
0,322145
7,62198
6,30266
1,37688
2,59327
7,57501
8,52658
0,211551
7,31329
6,14465
7,93641
4,82372
8,70509
1,56557
6,58862
7,37965
5,31817
6,2787
7,02488
4,95045
6,24863
5,90897
7,04458
2,54619
7,71332
2,79879
2,35805
5,11072
1,22829
6,75634
9,06514
9,1267
6,97992
9,94836
7,56601
9,08183
4,09845
6,02133
7,4347
5,94264
7,8692
1,8836
9,97917
2,04304
7,57426
4,03432
9,51156
8,80391
4,80196
1,35427
4,90241
1,67805
6,97915
6,73518
1,24557
6,17174
5,69482
6,49638
4,98193
3,49863
5,41654
3,57912
9,26645
9,52307
3,53492
9,48453
7,19952
2,44234
4,74899
9,39349
2,68622
0,7869
8,47529
7,70244
5,09123
3,84574
3,71136
4,48936
7,93221
6,5463
4,91867
8,5345
5,9305
4,7975
7,06064
7,23281
9,42752
7,74159
3,97778
7,20927
3,78862
1,36326
1,93724
7,98307
9,2947
7,79351
5,14728
1,99537
2,16376
8,56479
1,19167
3,86834
4,21721
4,03239
3,77247
4,34049
9,56847
2,83978
3,06469
5,87773
7,25848
0,0614699
9,11567
6,30615
2,85226
8,94415
9,36063
6,98045
5,99638
0,108345
4,53651
7,02163
9,50377
0,0964574
7,40469
6,90072
2,26498
3,38929
6,83178
2,0666
3,24946
0,619593
8,1424
1,8797
1,58561
2,64966
7,45507
0,828996
2,63811
1,21096
5,44243
7,05859
2,93195
9,9115
3,02461
0,209004
9,03526
6,99053
0,239235
0,879211
1,82965
8,03954
5,41543
0,837097
5,85469
5,89736
5,94963
0,802465
9,48879
6,48924
9,43343
1,15921
4,45011
5,17015
9,17937
4,31491
2,03519
2,67119
3,65112
6,89803
4,77044
3,30719
3,4042
6,37019
9,32819
6,12143
1,9743
9,80284
0,70351
8,41196
8,85031
5,28625
0,475748
2,14955
7,61645
1,42294
9,92916
6,43399
0,929367
1,77596
2,54185
1,00299
8,43062
4,73886
0,42148
7,17946
3,58037
2,04174
5,01853
7,88998
8,09128
1,30796
4,97498
0,702099
5,77575
8,79851
3,85127
4,52857
4,02226
6,68922
1,33343
4,08726
7,23464
6,86541
0,806602
3,35331
3,88109
0,0937499
0,666204
4,50617
6,91996
6,32277
5,19227
3,48367
8,89862
8,30047
8,1934
7,71598
4,6655
9,21654
9,11711
7,11055
5,1053
5,03891
0,147158
8,38589
7,62296
3,01136
1,76796
5,70987
7,87173
0,0974939
1,58279
1,19136
7,24273
6,8988
7,58571
8,63922
3,16163
6,71591
2,6113
7,99512
6,55333
9,59089
4,98965
0,576902
8,63941
6,36373
1,00775
4,23443
6,26337
3,41802
3,80066
4,55939
1,81981
0,423167
6,01771
6,68712
3,97666
6,43608
0,824917
3,70607
2,82335
3,03714
9,37554
2,26523
8,70542
2,39947
6,01945
5,38747
0,37938
1,04623
4,92507
4,3552
7,18387
0,189088
9,91282
1,90325
9,11141
2,14405
0,955284
3,39765
0,44865
4,35829
9,81917
0,188258
7,78287
3,2285
4,52158
0,214994
8,54246
4,54049
0,423994
7,08253
2,18257
5,10505
4,07901
0,958009
9,31752
2,30385
4,43872
0,130178
0,279215
9,96346
8,31171
2,22725
0,932126
4,23239
3,67047
6,01096
2,52782
4,51487
8,15438
9,32847
0,691836
2,10144
0,570531
5,12072
9,62651
8,39083
0,964433
0,712252
1,47732
5,60004
9,42956
0,247528
5,2718
0,973978
8,91742
1,95284
2,33588
8,43339
6,41327
5,9026
2,41197
6,1072
0,982772
1,6625
6,90909
9,50642
7,6332
0,529502
6,61437
5,60438
7,52816
4,301
7,16002
1,48658
5,31651
3,36201
1,60545
9,91892
9,60561
2,15146
2,25066
8,41778
3,47843
3,1764
0,285433
9,08764
7,80565
6,23106
6,57499
0,513638
7,04114
4,55933
5,99425
1,08207
9,05184
2,92254
5,29127
1,48621
9,25109
6,99728
5,96229
6,95108
0,763433
1,3412
1,67578
6,14908
4,20606
5,79095
9,0879
7,8828
7,33035
1,82991
4,80119
0,0542594
4,3429
0,819372
6,19401
7,50392
1,13186
3,00219
2,07659
5,68264
1,51024
4,38424
6,23286
0,367655
7,13243
9,49387
4,43387
2,1119
9,72141
9,49803
9,69512
2,05242
9,2825
8,25154
2,66994
2,0348
8,85958
4,64988
1,17502
0,475692
2,81392
5,09482
7,89691
5,19209
1,40739
1,25426
7,05519
4,85096
9,22982
1,63601
3,3788
9,52304
7,73504
3,41847
3,02773
0,282706
6,19298
2,02953
2,05
4,26282
7,4462
8,31065
9,88254
9,13896
5,96169
1,47201
6,72306
0,220609
5,67668
3,99568
1,17376
4,54505
6,75474
7,47702
5,25328
2,87019
1,96835
7,95645
4,37573
2,16575
5,20858
8,25274
5,17806
0,396306
5,22299
3,90783
7,07924
1,06113
8,59042
5,76703
4,90579
9,0139
1,5901
2,73629
3,02606
3,98639
6,76257
6,70003
1,80808
3,77789
8,97113
8,34862
5,86622
2,54999
9,25651
3,33087
8,07036
0,422375
4,18621
6,57223
0,969488
7,91862
6,24971
2,03967
6,70051
8,89928
4,99174
5,62448
8,92488
7,83503
5,97664
8,85016
6,21395
5,04666
9,21119
7,78358
5,63958
0,0703437
1,35248
6,22862
2,60509
1,85956
8,24661
5,99733
2,1605
0,605596
3,40543
2,08403
9,4746
7,76657
4,99972
6,28279
3,57799
0,270966
4,36971
8,66766
0,828794
0,277155
1,33608
9,14434
4,84999
8,25686
9,76047
5,88514
7,10991
0,709164
3,95932
8,44799
7,52583
4,15783
5,98688
2,56638
2,79974
1,16445
0,420705
5,20877
6,74763
9,2418
4,36882
4,70865
7,79363
7,30922
5,73896
8,44918
2,00809
6,43335
0,21692
1,41805
3,52028
9,6113
9,03456
6,24394
3,74291
4,4318
5,40987
7,94559
9,33523
3,03339
4,77871
8,94069
7,33753
5,99142
7,46911
9,21966
1,74337
4,87653
0,545943
0,269938
8,14113
1,28188
4,27252
4,50284
4,85034
4,15396
2,04999
7,30899
2,70418
2,90365
1,03511
2,05936
2,10342
1,15357
7,77664
4,24007
7,66313
4,37148
1,39549
8,9532
8,16726
8,26003
1,40609
7,83141
8,53394
6,41274
2,73372
1,06621
3,49419
6,65346
0,7731
4,03157
4,27485
9,53746
0,724641
0,638422
4,08989
2,37366
1,81275
6,70689
7,43612
6,83243
1,53656
4,11966
9,53101
1,78016
4,93214
7,92541
0,882949
6,98609
2,94794
9,78919
6,73945
9,89403
8,93189
3,48916
8,2653
9,98118
4,39818
9,88965
0,640884
6,78415
0,730507
6,64046
5,96619
2,12485
7,35767
0,749971
5,23264
2,37427
1,85295
6,09286
3,14963
2,20913
2,23837
7,46589
1,49291
5,58285
5,86038
7,45295
4,66277
8,55473
1,52558
4,15602
8,31251
4,4235
1,22592
6,53556
8,69707
4,0266
6,9772
0,514973
8,44794
0,80876
9,17859
1,677
3,01156
9,56247
6,7732
7,6788
1,80617
6,62929
0,958607
1,25366
7,03909
4,04131
4,94357
1,71384
8,06221
8,79798
2,82327
6,47332
2,12837
3,1768
7,16386
7,84086
7,91646
3,49656
7,4617
0,0686008
4,09609
4,19833
6,18108
4,43568
3,39018
5,32252
8,40507
7,48494
9,01746
0,920575
2,34451
4,66244
5,31593
1,06772
0,171079
5,38644
4,22025
4,67691
8,81577
3,97924
5,78928
0,720438
0,863255
0,627528
7,505
1,11141
8,05759
2,59294
7,50219
5,56434
3,28557
0,668735
6,31523
8,43351
9,27372
3,26298
2,59719
9,84152
1,89576
5,92126
0,514293
9,63173
0,485028
2,94492
1,05753
2,77217
3,40786
8,99405
7,47834
5,218
4,13081
7,23221
9,36106
5,71076
7,67253
7,55652
6,10975
5,25555
8,28765
2,48792
8,59572
5,11323
5,50323
7,45003
3,80844
7,03749
6,05179
5,06242
3,03923
2,12081
3,34964
8,50323
6,45062
3,09202
0,00706913
5,43113
8,85521
6,56377
3,43707
2,64934
2,03191
4,0241
9,17999
5,01014
1,98143
3,53044
6,86099
6,73322
5,67881
9,23567
4,11076
1,66292
4,55175
4,12566
1,55949
8,51247
1,92752
3,48616
6,21283
6,08748
4,26477
9,50662
0,833427
5,43772
7,97185
6,38668
1,22484
5,95822
2,46724
3,64844
4,32779
5,51411
2,40171
7,44415
9,6936
2,96217
6,6591
4,19551
0,736606
1,48965
5,76961
1,08268
9,1668
6,79093
3,34986
3,38359
6,12423
5,93509
4,08716
1,91518
8,48957
2,09397
7,05163
8,83411
6,69844
1,4831
3,88617
4,76636
9,94072
0,0733143
5,10287
4,66919
0,184069
6,39329
7,24997
8,08301
6,6423
5,86093
2,1368
6,09614
1,16765
4,07993
0,673426
5,36222
0,689508
9,73761
2,84342
0,137041
9,9854
0,645768
5,07491
1,88822
6,99565
5,05389
1,58408
1,02436
9,31999
3,43249
6,80188
4,04015
0,247354
8,23807
1,69433
1,29337
7,32527
3,80364
9,47564
5,88205
5,50157
4,29873
2,69476
0,0733275
8,93766
9,05443
8,91863
5,05343
8,40586
2,7605
5,37875
1,6734
0,0724493
8,39989
3,70314
4,7371
8,02712
7,80805
1,39524
7,56411
6,5638
2,44798
3,96626
3,38354
1,07351
9,39191
4,733
1,1127
6,39097
5,61063
1,93264
7,25133
9,45135
8,61626
3,2905
0,0606368
6,17428
9,94163
5,16159
8,86785
9,64743
4,34335
3,37915
8,78945
1,78855
0,242904
1,31182
5,4681
4,398
7,02446
9,18437
2,49847
8,54495
1,49497
6,81315
6,85718
7,25084
0,488884
9,99929
1,97299
8,17333
5,70554
9,55919
4,84377
7,55672
2,02582
6,06619
1,26679
4,27728
0,894103
5,30228
2,11492
8,59196
5,49825
7,07522
2,78698
5,4756
2,34229
6,02117
8,54506
0,287908
3,47767
6,64085
9,33986
1,1635
2,80643
8,1653
0,858323
7,27385
8,17349
6,23901
9,77237
4,13058
2,24768
3,16275
7,19724
0,494907
8,43576
8,19279
4,09971
5,16487
8,12836
1,00593
2,88857
9,02942
4,32966
8,09843
5,67122
7,21255
6,8423
3,43411
0,7286
7,32156
2,62087
0,985407
1,13679
9,05607
1,59756
5,38118
8,77111
6,63159
7,39743
7,21112
3,48691
5,27153
5,59902
9,26518
1,34924
7,04415
5,74281
8,12742
3,93189
2,94877
8,81917
4,8527
6,23941
6,34143
2,70714
8,08077
3,43646
9,66214
5,13161
6,38876
5,96148
1,36831
8,294
5,47512
5,77755
5,58167
1,04092
7,6572
4,19646
2,28482
0,661999
3,06465
5,02153
6,49838
5,73858
3,6957
6,14752
1,34732
0,401357
4,01063
0,386868
1,23212
9,65466
8,47299
5,25136
6,56618
2,45511
7,81899
5,24461
3,75885
2,47168
7,21601
5,72194
0,805126
2,25734
1,23287
5,68125
3,74079
1,08746
3,13723
5,81797
9,63936
8,69374
5,63724
1,44775
8,41782
8,10528
0,771221
4,79403
8,8917
5,1092
6,96162
2,51635
3,49322
7,46854
8,95489
4,22524
3,22895
4,27167
2,63032
0,432364
0,456031
1,23172
6,21154
8,41788
9,35564
3,75249
1,73828
7,39768
5,17365
3,94055
0,399072
3,34573
2,53553
7,26318
7,64357
7,82033
9,89028
2,6027
4,79442
3,12718
3,0588
7,5302
7,80951
8,78155
1,5307
6,60581
6,96453
4,76269
3,463
7,74264
8,84376
8,18478
8,86994
2,91917
6,2021
2,32616
0,786142
1,54872
3,93312
7,27936
8,06133
5,22811
3,22823
3,12748
9,83049
9,73112
7,31388
3,31978
7,14004
3,12423
1,36893
9,74686
7,80763
6,08617
3,57183
7,90203
9,44556
5,82969
6,07629
2,69092
2,63483
3,36311
7,03046
3,10849
9,89514
0,530585
5,15687
4,45202
3,12331
6,71701
1,24577
1,73683
2,65589
6,70939
4,80759
4,00528
2,89185
2,91362
3,88556
8,41861
8,82472
0,567966
3,95322
7,0288
2,95457
7,51698
7,50725
5,61512
3,74631
4,72657
4,48086
2,13274
6,01703
2,26875
3,70435
3,5753
1,99626
8,02374
5,73027
1,04796
8,68891
8,30153
4,10887
6,15785
6,41276
3,02716
0,845017
2,07757
0,278296
5,95438
8,74027
6,13915
6,93997
9,5988
3,03372
5,82469
0,188154
7,21754
2,21961
3,84609
8,79013
0,924453
2,9903
6,72061
3,98845
6,79574
0,649261
0,515516
1,79389
3,77801
9,54148
8,13856
9,541
3,76163
9,53086
7,36312
3,81125
9,25185
3,95168
7,07517
6,7215
6,9743
1,54567
0,663156
6,529
5,9415
6,55233
7,7339
5,01044
6,8018
0,379861
7,458
2,31741
5,53672
3,13687
9,21547
5,56837
0,105156
2,47921
7,75761
8,39722
1,78951
0,739762
3,6342
5,83157
8,59618
3,72501
4,95555
4,90023
5,0676
4,13833
1,30827
8,4781
3,5814
3,91752
0,108103
1,19424
0,683052
4,51872
6,21663
4,03738
4,27052
1,68193
5,22879
5,31459
7,47154
8,79358
9,72963
0,563809
4,80309
2,71462
2,10863
5,40084
4,67825
0,46751
8,16991
5,80366
2,69557
0,80999
9,14606
6,37595
5,23755
2,45967
6,54775
8,50148
9,54175
0,828958
4,71672
6,33458
7,87834
1,08539
8,80882
3,64329
1,86266
5,83406
4,16584
4,5112
2,09365
7,78149
6,01336
9,34271
8,22711
2,36476
1,45624
6,42073
4,77686
1,32229
8,56669
7,23353
5,02867
9,36231
3,60149
6,63149
7,61225
2,46609
2,32124
7,93109
5,64799
6,25138
6,51323
0,565352
1,31797
6,16725
6,80375
3,27425
1,54817
1,03387
1,82098
1,50327
0,404633
0,558741
9,92529
9,78814
7,93422
3,32367
0,546725
8,84004
1,78399
5,09021
8,1696
5,05987
8,7752
3,04394
1,30139
4,17261
7,96294
5,70545
9,73398
1,12456
9,26945
5,86389
7,48941
5,42227
5,1535
3,08996
6,80449
9,90394
1,45634
8,62989
0,344202
6,89307
9,43976
5,34915
6,83037
7,52598
4,98503
0,66378
9,33541
2,45107
5,90649
3,84825
6,67623
4,0625
2,38403
8,79077
5,7238
8,52426
3,47054
4,02874
7,58287
8,32268
9,99463
8,85789
5,85166
7,04245
5,66237
0,217868
0,78564
5,11284
7,96446
4,67058
6,65378
0,816513
4,95153
7,87545
9,60515
4,08868
7,45031
0,177214
9,46895
9,40422
1,75597
9,75038
5,57808
7,85155
5,08741
2,39826
6,8406
9,81576
2,29495
5,65659
3,38601
2,06827
8,50318
0,748311
0,0709005
7,13963
0,431857
5,53541
0,0355799
2,5015
6,57092
8,99589
7,23576
7,89574
3,34216
3,00359
2,77023
7,93122
7,56844
6,13605
7,60108
6,26481
8,48482
8,15453
4,76558
7,2368
4,11556
3,17966
6,02928
3,78586
5,4246
4,97166
8,37348
4,65146
3,39751
0,415388
2,27459
9,08982
9,1668
2,35649
8,40658
4,52156
9,14829
0,664439
9,71222
9,98746
0,0586223
3,9721
0,673405
4,87766
8,27297
7,97565
1,20533
9,24319
6,29805
8,28027
0,697063
9,54224
7,62644
1,46685
5,50572
3,49421
9,44908
9,93898
0,997599
1,58935
6,96682
7,33013
0,143368
9,96677
6,22871
6,97078
6,43037
1,33201
9,71869
1,81265
1,6602
4,34509
6,90838
7,04154
6,78092
5,74055
5,56126
7,26533
3,19264
6,24909
2,38704
6,05595
1,44104
6,76386
7,42798
3,60581
9,28807
7,61389
6,21359
9,91063
3,39026
7,44157
8,46196
2,81395
2,67399
6,47201
3,52063
0,17558
2,578
8,19681
9,29828
0,979424
3,63473
2,16111
3,97162
1,49886
4,44406
5,08326
4,92137
9,12715
7,19047
6,20389
9,79061
1,18092
0,414816
6,21654
8,98539
7,71354
9,85977
9,61145
6,89566
3,61122
0,16213
0,573558
4,48302
0,892835
9,69665
1,94536
2,04739
1,87782
7,99184
0,887979
8,14233
0,247073
3,32889
9,34825
2,92259
9,33941
7,70188
2,32585
1,63926
5,04795
0,675828
2,78867
1,9055
0,339671
0,346501
8,46139
9,87495
2,92634
1,69119
1,21121
7,30417
4,13288
4,24174
1,92992
9,88564
3,84009
0,0840441
8,81727
1,00897
7,75544
7,19937
0,958241
0,128197
7,21308
7,71576
3,74347
4,93304
8,00586
1,79145
3,56657
6,09151
4,3667
6,96804
0,168273
3,17553
0,402697
4,29663
8,76986
7,03792
5,11055
6,71053
3,19309
6,3536
2,73426
2,34446
2,95664
7,2755
6,78805
5,26833
2,4697
8,6572
3,51632
7,17835
0,973796
6,58057
0,654285
7,46505
1,67933
7,12339
8,37273
2,32262
9,86564
2,68556
1,05292
9,86856
3,53301
4,40549
2,07742
5,35388
3,85443
9,34549
6,93011
7,07032
4,44083
4,31566
6,96882
7,41611
4,06722
8,75651
4,13233
4,15561
0,733997
7,35477
5,84848
2,82862
7,39489
1,5967
9,6304
6,91138
5,44503
5,46116
8,41986
4,17509
0,549289
8,77036
8,35994
2,31442
4,98545
3,00144
2,55212
8,86493
4,27702
5,23575
3,43333
8,92652
9,24894
2,93908
9,04482
3,02698
0,080679
4,93739
9,59013
5,76422
1,68886
0,786512
3,29794
2,89351
5,15963
3,03177
1,50888
5,60317
0,375394
8,5632
0,328031
1,57166
5,7002
9,2839
8,38743
2,71828
5,35279
8,60304
3,69708
2,758
7,18709
9,2625
2,08575
6,70001
3,05587
6,73155
0,979404
7,22487
3,29001
4,77497
0,114335
8,03677
5,46994
6,64384
2,75994
0,248504
7,41406
2,55352
5,54299
1,74963
4,27821
9,42084
7,1628
4,04188
9,50387
2,14233
7,67788
1,25147
5,55125
7,51357
7,38108
5,30425
2,6773
6,75388
0,317017
4,52935
8,72099
1,05499
0,918062
4,13908
5,9222
0,799362
4,82239
7,87512
7,31166
4,57247
4,46085
6,40833
4,09203
5,19655
2,0921
2,68459
8,97322
1,14082
4,08948
2,73433
9,40188
4,85353
0,555295
6,06192
8,13697
9,43499
3,85121
0,463211
7,39492
5,45214
8,50963
5,44074
5,92335
4,09009
8,2012
1,81164
0,811082
8,15935
1,3108
6,0648
1,96831
9,87866
2,36986
6,64656
8,9213
5,96262
2,69207
0,608371
3,70878
8,29152
8,60042
2,65185
1,15138
2,2801
1,10102
6,34984
9,47032
8,70299
0,839493
7,17346
5,56935
9,46901
5,30454
5,57948
9,06133
5,86334
2,70827
5,62887
0,135056
4,7108
3,47471
9,60625
5,86473
5,42642
3,01265
6,07888
5,78692
2,02151
8,74746
8,79228
3,00004
3,13038
8,14633
1,65434
7,81472
4,87412
7,87549
5,80451
5,84186
6,14157
6,54517
9,01096
2,31201
4,14465
2,26624
6,4286
0,0637662
1,67967
8,90418
3,44392
2,69274
0,234444
7,02358
6,2592
1,21671
5,44745
6,12117
8,76433
2,01743
2,24629
9,39166
8,26478
6,25268
1,46855
4,27078
6,81726
0,405741
0,986263
2,50538
6,57732
6,20673
7,55805
7,822
9,50367
3,19229
3,23987
8,84238
1,00436
9,19931
6,15476
7,72359
6,78749
9,54374
1,11827
2,90892
3,46593
2,19026
0,88732
7,19557
8,87983
1,2735
8,82099
9,69988
9,1056
8,45938
4,62317
4,3178
5,18179
5,82739
4,79983
7,33582
2,27421
5,97672
3,78235
0,533282
4,40286
9,69959
8,74909
8,59552
6,21355
2,28641
7,05992
8,99215
1,0855
0,208116
6,21958
5,69942
4,71029
9,72526
7,49772
1,55224
8,44907
0,737362
3,643
2,3767
2,42944
4,40663
5,11632
2,62678
7,69599
4,19198
8,70563
7,00705
0,408251
9,44194
2,65281
9,82203
4,95458
6,9212
7,84524
8,95302
2,83117
8,84235
2,32879
6,019
0,773761
0,606464
3,55061
9,91286
2,40159
7,85728
0,435876
7,13883
5,94019
4,20523
9,32386
3,8299
6,83646
4,25016
0,958808
4,81707
7,42749
3,32797
6,0846
4,10679
7,53764
0,0949671
7,81365
6,77802
1,85383
5,11536
3,7284
7,49192
9,70409
4,01185
1,09819
1,98801
4,80016
1,60503
0,403147
8,19962
3,29536
5,47069
1,4367
6,08831
9,50502
0,989866
8,56512
2,7954
7,31604
6,83745
2,26893
2,47044
8,22514
3,39054
3,16564
2,58014
5,91804
2,44345
7,78632
1,96768
5,16096
9,48298
5,50664
2,67441
7,17116
5,64485
3,59226
2,62264
0,16687
5,87372
3,79571
3,69945
9,01199
9,30166
7,99902
9,90434
0,619567
1,4876
5,06735
5,55894
9,88493
5,06077
9,33707
6,97155
6,91019
6,65346
3,94596
9,69187
4,59874
3,0917
6,9228
2,71915
2,55972
6,46582
8,23282
9,76558
8,67558
7,36449
8,91709
7,25101
7,7103
7,83434
1,14315
7,17779
2,03818
9,97827
7,72616
2,52487
5,03533
4,67802
0,492668
4,2117
5,95354
4,0196
7,26558
5,09254
2,91394
0,552783
9,40992
3,75981
0,673117
8,502
7,67684
1,3583
7,23906
6,70769
7,80616
7,47832
9,29644
6,44348
0,328818
4,58653
6,53333
6,85165
0,169539
2,28248
6,2045
3,87079
8,60409
3,47016
4,14763
6,62818
2,37293
4,03442
1,58871
0,502992
2,74373
8,70335
8,66009
7,47091
3,942
3,59087
1,52923
7,54625
6,39721
6,50002
2,92139
9,98321
5,82177
7,59271
2,78182
9,44501
9,47948
6,20686
5,12227
1,32814
5,70704
2,07284
9,21957
9,56362
1,35147
8,30054
5,97373
6,4909
2,17119
5,57152
1,46611
2,19496
4,12883
5,23464
4,37499
6,23644
8,30082
4,82217
4,43182
3,84582
6,6506
9,78431
9,89263
3,10875
6,76283
1,07773
4,59877
0,000190382
9,22468
9,10644
1,46333
3,83949
9,19051
3,38372
4,80739
7,92405
7,40343
8,44881
7,02345
8,96087
4,83072
4,76774
1,77454
4,66853
5,86643
8,56335
8,42718
8,71553
5,68452
9,53313
7,62324
2,50952
6,8032
0,632122
5,66166
6,46889
6,77276
1,72532
4,18552
6,61799
2,36766
6,14407
2,3094
6,51722
4,26115
8,67553
6,83674
8,12894
5,63381
4,94989
8,82641
4,69556
2,74955
9,68064
1,95316
9,56085
1,62494
4,08858
8,01611
9,28175
1,06941
4,02748
3,59667
9,45032
8,01926
7,89558
3,45684
5,18602
5,36422
3,8007
9,74054
7,53253
6,03952
4,19376
8,3995
1,50408
8,8684
3,60837
8,89869
1,76619
4,26269
8,8256
9,17349
3,7483
0,730959
6,69461
5,09223
6,39437
9,14268
8,89934
9,21006
5,29898
6,48459
7,33654
4,87799
8,86193
9,46523
2,38311
2,9242
5,07857
4,30186
2,71279
2,54392
0,0595573
0,0122942
8,8598
5,21748
7,52662
7,18834
2,53297
6,92964
6,61325
5,54534
3,8942
7,33911
0,368567
7,02865
5,9293
1,1007
4,51495
4,4107
5,78259
5,7682
4,13716
9,87532
0,857991
6,678
8,51925
1,7963
8,81864
9,52572
1,19148
4,84699
9,37913
0,910678
6,34127
7,76708
0,267876
7,24616
8,42169
0,445259
8,60901
0,380822
3,79851
8,44727
7,72485
3,28808
9,43378
6,63933
5,95595
5,01336
1,04796
7,53869
8,39282
3,40495
4,44196
4,22518
1,63794
9,68784
7,81732
0,871786
2,33637
4,09098
5,50168
9,26722
7,22104
6,01982
3,27564
2,30968
9,6002
6,95934
2,50303
2,11982
7,01287
1,14061
4,79377
7,91272
6,12477
9,46528
1,52948
2,19171
5,69167
8,51162
5,19482
5,79292
8,54166
9,8089
9,93361
2,54005
1,91753
2,03992
9,93674
9,32954
4,04069
8,92082
6,48746
9,63009
6,67152
8,42139
6,78387
9,21659
4,01831
4,6889
9,7693
2,80004
9,90311
3,68606
0,416007
2,27131
5,41927
6,12625
5,27534
2,57046
7,51976
8,67241
0,733567
7,99196
7,48967
0,295153
7,29263
4,87044
0,94076
3,71596
0,880512
7,10998
7,63458
1,98795
4,09879
3,27572
2,66853
6,94332
6,55957
5,21877
7,6324
4,55041
7,85524
7,95246
9,72242
2,23592
8,38056
9,37533
1,08765
9,54878
0,661959
7,07551
5,70136
9,41367
3,05165
2,59513
2,35747
4,47244
5,98299
2,28219
1,52304
9,05429
8,90101
8,68268
4,47202
3,77045
4,76907
9,47326
6,93503
6,04711
2,89981
4,50878
6,61695
7,21828
2,95183
4,64327
0,910027
0,127688
4,58788
7,55601
8,442
6,73109
9,36494
5,57109
0,000868409
4,82111
6,63102
6,98658
4,81049
8,78164
9,59227
3,52892
7,89055
6,34747
4,08875
2,43128
1,01902
9,47732
3,47279
0,33958
3,12421
6,57161
4,00831
9,91525
0,0870362
8,02876
3,29666
1,90311
0,32408
3,6304
1,96856
3,76648
9,27805
9,20879
6,41444
4,74641
4,53197
7,11982
7,77566
4,65036
6,69185
8,14755
5,01895
1,62123
4,45924
3,88896
0,291193
5,52003
0,835902
8,32124
9,58281
4,12731
1,01145
3,19151
9,41859
9,10051
3,33506
9,05673
1,94654
5,574
0,964682
6,329
9,67338
0,300031
3,80067
9,43678
5,50673
2,55874
9,65983
9,4817
4,24346
2,55405
8,9812
4,29787
4,04733
1,92045
7,84826
9,00694
9,54962
0,783039
6,32801
7,20109
4,04983
3,10259
0,830017
7,66954
1,54917
0,908254
5,02279
2,78
5,64733
4,07964
0,754845
5,46096
2,55415
4,58563
9,58914
6,7116
8,42382
7,50801
7,11158
0,409508
0,661936
4,40157
8,15675
5,17925
8,35204
5,78719
9,2089
1,71826
7,4093
6,4491
1,3901
8,00595
5,4239
9,01235
0,0536256
0,0978574
3,40332
0,551829
5,83562
4,75355
2,12564
9,08844
8,4225
4,20182
1,43055
1,70361
6,99397
1,79685
9,24699
7,02292
2,9579
0,0436057
9,43393
7,45963
2,46818
8,51746
3,42657
6,45639
6,78574
8,57238
6,94039
0,216298
2,51086
3,63136
6,43939
7,19193
8,16884
4,19936
2,877
3,82633
3,54608
4,5531
6,22379
8,57613
3,43287
4,20519
8,869
8,14054
7,2987
0,524475
4,95419
1,40852
4,8997
3,0508
2,08491
9,66484
3,35063
8,04759
4,98177
0,296238
6,43979
3,05717
9,66266
4,23454
1,73737
9,53974
0,202738
3,6892
1,86578
7,48372
9,56426
5,36534
4,10467
1,31575
1,32446
4,21117
4,6387
9,6653
1,15442
3,89246
0,963603
7,04451
4,15243
2,05102
8,63578
3,1418
6,99827
6,37721
1,94147
6,61805
0,410432
7,95681
3,70628
3,76977
0,581867
0,812869
4,37442
4,0532
1,55581
9,22507
9,41673
4,83233
6,53292
7,27145
6,52814
5,9787
3,81295
4,45491
8,17431
8,08586
0,91531
5,03444
1,461
4,13082
3,89763
3,10531
5,53367
2,6819
2,11118
7,74138
5,7472
5,56696
3,97294
0,261132
5,19115
7,35856
7,39355
2,74432
3,37285
4,39431
5,75632
9,27981
1,61191
3,33414
0,462117
3,76828
4,5669
0,804825
9,33794
8,51376
1,9726
7,38005
4,61872
6,47062
1,27514
8,26263
2,13192
1,69928
3,16464
8,00888
4,73513
8,4135
4,67012
9,20442
2,90353
3,36829
6,72723
1,59642
5,32588
3,90439
0,200995
5,57788
9,0892
9,20481
1,53527
6,67061
9,30189
2,52998
0,427109
2,06332
9,7544
4,50382
7,44431
2,02543
5,47968
8,53065
1,16279
7,37014
6,53745
3,82145
1,58884
3,08536
1,35334
8,20187
9,46544
9,59548
8,52605
1,81932
7,21209
1,62923
7,78805
2,00435
5,32908
4,97634
9,54917
8,56735
9,41747
2,41767
9,62975
0,760354
5,11763
9,93133
7,74133
1,75129
9,95608
3,18283
2,83569
1,63577
1,56901
8,36865
9,81106
7,28104
3,27314
6,99902
7,76949
2,07996
6,88297
7,23361
1,3441
4,5859
4,22742
3,15648
8,27167
1,17317
8,6731
0,506999
6,20305
0,983043
7,1313
0,839035
0,883068
5,11337
2,12027
0,63089
8,75068
9,27491
4,03716
0,889786
1,06788
4,48896
8,76368
0,222642
8,29742
8,74631
4,40515
5,01603
2,14139
6,29797
6,15433
2,47551
0,948294
6,69718
0,091065
9,29497
1,68104
7,37057
5,65878
8,32136
8,92474
5,44379
0,00475586
2,53022
3,42185
8,63466
3,60579
0,0563201
6,93206
9,45919
6,93556
2,57654
8,46127
8,99179
8,8774
2,10623
9,37142
0,69584
7,66505
1,24888
8,82192
8,62639
1,33815
3,80464
1,07895
0,371719
8,91607
6,4194
6,62112
9,29791
9,68378
0,349886
1,35061
7,912
4,90237
8,1007
6,85069
8,89252
3,69622
6,33123
5,58818
4,23658
9,16259
2,8785
3,49026
8,76758
7,04369
3,53243
4,68283
1,04658
9,65101
7,55711
9,21017
0,913744
4,02285
4,8982
2,29046
2,2582
0,121791
7,69305
0,027755
8,87879
0,581076
4,44965
0,956212
9,77849
0,237605
2,56684
0,127418
7,45616
9,27233
3,74209
4,13494
4,54768
1,16397
7,38167
3,66275
2,59916
9,61498
6,24552
7,69963
9,12531
8,90641
9,94087
2,09076
8,66267
9,26374
0,372793
1,94867
4,89745
4,9954
9,54276
2,48263
0,427574
1,76807
9,72959
7,37402
3,41604
3,12723
1,70811
8,06565
2,59878
1,62264
7,79052
3,47521
3,99351
8,12186
6,72232
9,64134
7,92667
8,19842
8,64824
3,2023
4,61982
3,49943
0,0489731
6,32585
1,13776
6,47735
6,61968
7,82627
5,23985
3,94634
4,33586
0,468658
0,609167
2,51851
6,40967
7,34067
6,80682
6,61524
8,0137
4,96748
2,04553
6,83292
9,00816
1,22535
2,27587
0,896969
5,15808
6,75681
7,21646
4,7388
4,09542
5,02396
9,15821
3,27211
2,19875
9,0432
6,91432
5,75352
1,72387
7,41764
8,31983
1,98226
4,27556
9,93277
8,68649
5,42087
7,21043
2,25203
7,59143
6,85836
6,2354
4,02544
2,1715
7,04855
4,5115
9,0843
9,96371
0,654859
2,32065
1,27024
5,58809
1,93702
3,39988
8,16713
4,06511
9,66393
7,02862
2,34319
3,42395
3,14171
2,10267
6,94973
8,0744
1,31479
0,158501
0,314281
3,70081
1,75296
5,24797
2,90211
1,62014
8,23125
5,87299
1,53258
2,4168
1,19784
8,50644
7,53289
4,68719
7,89394
6,66849
5,80459
7,21017
1,97687
5,68974
5,15993
6,66187
9,4754
8,37467
5,4222
7,60778
0,00928708
1,23144
4,02006
1,35784
2,87216
4,25964
7,40623
1,33226
6,49785
1,54805
2,22716
8,82714
5,18974
3,77015
8,23543
7,04892
0,995761
5,61635
7,45315
4,83435
3,30154
5,35121
3,3031
7,0735
5,11331
7,97671
5,43881
3,53605
6,29408
1,30714
6,4696
3,97957
8,31393
1,84856
4,15288
1,23117
7,22024
7,12845
2,51041
7,95941
1,65183
9,4998
6,14323
5,79036
5,33932
9,829
9,71434
8,8592
7,79742
0,381744
2,05779
8,48892
2,76133
3,51565
9,4498
7,70698
3,86878
3,62508
0,146433
6,42682
3,05102
7,57682
6,84221
2,58538
7,50299
4,06126
7,14472
3,49881
9,84204
7,56338
2,57176
9,87748
4,01435
5,71034
0,201925
5,77973
6,93406
9,61806
5,95821
3,44571
5,39962
9,17994
6,22007
0,0294339
7,58158
5,73723
7,1231
5,21341
0,443305
2,32624
4,7314
1,2535
3,80542
3,63866
0,830596
8,04724
3,14028
1,75686
9,15328
2,04869
9,22585
1,09369
7,20135
1,85064
2,96078
6,10436
3,97985
5,57234
0,534545
4,58369
6,22899
5,31527
7,47456
3,91788
2,15636
8,08429
7,94365
5,57186
7,1827
8,77867
6,17033
5,0603
3,01727
4,4733
6,23608
5,40295
0,651772
7,21444
3,3099
2,92641
0,984912
5,37503
3,44296
2,5625
7,47458
6,22176
6,05613
1,1246
5,01179
7,85919
7,47844
9,24304
7,09905
2,44887
2,02781
7,3077
8,56531
5,66904
1,63594
5,75488
7,87762
8,18444
7,37756
8,84573
1,41608
5,79543
8,97307
8,56907
2,41177
7,03203
0,841169
4,88933
6,11095
2,65856
5,43265
8,04806
1,01315
1,79673
1,52981
0,469616
0,431908
4,48534
3,19941
8,03791
1,64511
4,68518
1,43626
3,4641
4,67416
9,25756
3,84249
2,05096
0,884864
6,40916
2,81795
6,59909
6,05787
4,22466
0,849566
6,10788
0,855357
7,61725
3,07364
9,65332
1,15998
2,34265
4,37512
7,78152
1,07469
2,8178
1,3775
5,41187
5,7152
3,04378
4,72095
5,8836
8,50983
8,65316
2,46219
0,61061
7,37854
2,41285
7,57277
2,17915
9,77836
3,57522
6,94584
6,16547
5,27493
1,58103
5,01415
9,40598
9,36492
0,32895
6,13505
3,38954
6,47975
0,751579
1,76071
2,78641
5,28028
5,84062
4,82056
7,66914
7,73943
1,29063
9,56543
5,97121
8,32206
8,3228
6,54409
0,405909
0,61258
1,36746
1,7246
3,07605
9,3264
6,8899
0,7011
1,94303
0,206584
0,842718
0,524894
5,55605
5,1727
5,91086
7,27062
7,2426
2,9923
6,84131
3,42053
0,808954
6,25207
5,24592
8,85838
1,67599
5,50735
1,87947
6,25011
2,60179
6,17542
1,68768
1,72561
0,580258
7,0094
7,41299
5,77811
7,57378
5,14819
0,0757165
1,1983
5,58574
1,80103
5,07632
1,41069
0,156612
1,71455
8,46628
4,30811
1,13629
4,35255
0,999094
6,54263
7,8779
0,537633
5,03305
5,18241
2,34532
9,37465
1,32612
8,28339
3,4328
7,29886
0,635647
0,917727
7,21658
4,74265
4,13684
2,42794
3,60281
2,2331
4,32967
9,58055
9,63422
2,25463
4,85411
4,68455
4,69247
0,743314
2,2818
7,53595
3,12827
6,79493
8,40609
3,08288
9,1042
2,65719
7,07575
5,82386
2,9531
7,32629
6,8265
5,07651
7,15659
7,50842
0,208738
5,3961
6,79081
5,03833
9,73818
5,36888
3,18333
4,81806
2,86587
6,88778
7,13248
6,22314
1,04373
1,58483
7,67127
9,63982
9,19084
3,50691
8,99081
6,86902
3,77857
0,64051
1,90899
3,24867
8,82282
3,53573
4,09601
0,767342
5,62002
8,54954
6,58137
8,33632
9,55209
9,7761
8,8666
2,29006
4,3234
5,73755
7,65137
3,23481
4,7047
5,36757
7,41312
9,34052
2,63328
0,865684
7,73743
5,69476
5,27199
9,96061
8,24728
9,85107
2,06789
7,46122
2,953
9,62101
7,2189
8,81473
8,65782
9,75459
8,3037
2,91058
3,51037
4,57778
6,34209
2,51746
5,86863
1,31779
3,01896
7,81543
5,30258
6,64687
4,44362
0,511167
8,82135
0,119948
7,15016
7,6202
8,25951
9,60295
2,29333
0,129518
8,60266
3,55353
8,7655
7,34615
2,40472
0,844843
4,29841
0,243004
4,044
7,72746
7,48551
2,20671
2,07542
5,85348
9,47439
5,25453
1,4613
3,92772
2,17763
8,50906
8,07074
5,31475
2,0797
2,55219
1,58177
5,50833
0,426575
7,91971
5,42471
7,56996
7,38096
9,84432
7,56982
5,78049
7,06821
4,55591
9,31746
0,483546
7,6266
5,28266
1,36984
0,673486
1,91413
0,990964
2,56183
7,32548
6,21496
0,571706
4,19913
7,44076
1,33609
8,22844
5,95061
0,586746
7,18014
7,52421
7,45959
2,11592
4,65409
8,19244
9,67783
8,67368
8,48166
6,15075
6,12017
0,88288
7,84002
8,36533
8,07492
3,86523
5,83584
3,27068
5,38209
4,22256
5,87675
0,304836
1,72914
9,16904
4,62922
5,29433
5,69431
8,09354
7,94882
5,18698
3,02355
8,5994
5,75073
8,10875
3,51693
7,97618
2,74602
1,74345
0,811282
5,19278
5,90554
4,79002
5,26033
9,98706
3,73981
6,80274
3,56846
7,10647
2,87527
5,28741
3,0539
0,897332
2,22448
8,75033
7,77221
7,71673
1,20637
3,62806
8,93937
3,2321
4,25124
0,825432
5,79949
8,74281
7,2913
8,50963
7,13837
5,78531
2,63683
1,01635
2,58371
3,96255
9,50745
0,558476
3,08543
6,58456
0,450875
8,20195
6,16657
4,17686
7,14161
8,00719
7,20881
5,81092
3,29232
0,939151
1,40336
5,43036
7,40755
6,42305
8,15387
6,30881
3,626
5,27977
7,94702
8,15014
0,344372
5,11016
9,43764
7,53379
4,72259
1,04721
3,12809
0,339901
0,505586
6,89267
9,63871
2,34283
5,12381
9,20876
4,96735
0,976551
3,6122
8,14273
2,49463
1,03514
5,52034
4,07657
8,16273
3,8334
4,53933
4,3827
2,29307
1,4009
2,89939
4,34486
2,81536
6,48137
5,61142
4,35316
0,99237
8,78975
3,20488
9,82012
1,28477
0,663301
3,71942
7,03556
1,0303
4,01108
0,133518
9,56511
9,9121
0,752174
8,14692
8,17788
0,540407
9,66136
6,34253
2,7646
7,01602
9,03152
0,303181
4,84537
0,8112
4,3353
5,13164
7,99914
5,0255
3,5081
4,8579
4,7475
0,645169
1,67919
7,0676
2,41142
1,53283
9,54005
6,61814
8,5746
6,70591
8,93594
2,30168
9,10016
8,81934
8,28783
1,52679
8,53037
5,29609
2,45179
2,00814
8,28337
3,75623
8,48977
0,342055
3,79051
5,71093
7,31793
6,21389
9,68501
7,79264
2,78488
1,6949
4,80576
4,98612
8,12019
5,82483
5,89116
0,882649
9,75738
0,989141
1,58258
9,65404
6,68824
8,86458
1,91939
8,16903
1,89501
0,881588
9,86105
3,27953
8,04307
7,7783
9,37397
5,55421
3,83402
1,52648
0,346021
0,148644
8,3523
4,85646
6,51473
8,79567
4,41404
5,3691
8,34521
7,32477
8,0281
7,53321
0,31712
3,04951
0,100692
2,05007
1,20044
7,10545
9,12449
4,02747
4,55418
2,0226
4,17778
5,4478
5,18769
2,63182
2,13271
7,75844
9,87214
9,90399
0,183858
7,73009
9,11102
9,89119
9,78307
5,32744
8,17235
4,45479
3,61779
5,56223
3,55016
4,63536
4,52011
1,68535
2,83181
7,05949
1,46429
9,92287
5,74851
3,57878
5,18335
5,25082
1,49131
8,198
5,31833
1,90507
6,82395
9,8775
9,38505
9,36209
7,63003
5,81863
9,61483
1,15938
5,00424
9,87733
8,26098
0,82405
0,645156
8,90609
1,77934
5,50583
3,52245
2,75173
7,66904
2,23228
4,35939
9,30668
5,29264
5,47468
3,46615
5,00981
5,21879
3,56271
9,78602
8,28921
7,48567
7,8922
0,643958
6,3301
7,10008
0,0622725
5,01656
6,50053
6,52663
6,59285
7,34221
2,65102
3,79464
0,767574
2,9763
4,96537
7,21534
1,83004
1,30717
8,54576
0,349755
2,68653
5,71832
0,0140721
7,23484
1,04568
2,16471
0,929757
1,51975
6,16233
7,42562
9,74452
6,56992
9,69145
7,86481
4,52227
8,50287
8,70822
1,35931
5,61196
1,46631
6,71401
7,70589
0,41418
5,58229
7,19223
2,66951
8,62512
4,2989
1,50964
1,24564
0,984108
7,7765
3,38662
0,341382
7,01072
7,46811
7,23409
1,97823
5,10488
2,39877
4,91844
0,959248
9,53337
9,02639
5,12722
8,04394
3,95295
0,182063
1,58633
6,7687
5,1128
5,41063
4,04852
3,78415
2,58139
4,02084
3,21904
9,71425
9,49101
3,83609
0,796704
8,44304
7,5086
0,465694
1,55723
6,75775
2,95073
6,83086
1,78999
0,922185
7,86125
7,19879
8,93328
9,89631
9,83672
0,500701
6,06499
3,5857
8,38151
4,64727
9,95587
6,643
2,89068
7,10191
6,0093
6,57029
7,30341
0,427966
2,65519
5,09411
1,23565
9,17311
1,32152
7,33268
3,60815
2,98449
0,339169
1,5492
4,5222
0,0431103
6,11179
8,3818
4,63372
6,17489
3,85851
7,2906
0,703168
9,99172
7,9948
6,78614
8,03808
1,81009
5,95223
0,895787
6,674
6,03465
2,50054
4,66828
1,89165
5,54212
8,35683
6,30667
3,82488
6,99717
6,23624
0,975521
5,14733
8,49003
3,07937
6,10509
8,67041
1,75964
4,38626
2,54791
2,77188
6,83763
1,67786
6,04995
9,60212
7,97056
2,24436
9,9079
4,92658
2,5264
1,51046
3,84137
6,96502
4,59915
2,62154
9,34302
7,00393
5,22069
3,51943
3,27995
6,41207
3,3579
9,15861
4,25465
6,53969
5,04469
1,01024
7,59218
8,04387
8,02322
4,31627
8,95001
9,90658
3,79069
2,17816
6,84906
7,56714
7,54553
5,01152
9,84128
7,02258
9,09722
9,83498
4,15991
8,24917
5,93296
2,20241
9,72792
1,34359
1,10578
3,32138
6,00011
9,46461
8,69395
8,32477
1,91096
7,15596
5,48748
3,429
7,44986
5,8832
2,1197
1,08372
4,64463
9,95511
3,72169
1,65034
1,40839
5,08009
7,48245
4,59457
5,96077
4,27787
9,86071
8,64557
9,73524
6,2594
3,35181
7,17637
4,0172
5,2605
3,43438
0,657803
4,15473
4,55246
8,38202
6,55143
2,62122
7,98423
1,49748
9,43049
6,66309
0,568988
4,40602
6,92485
6,76632
6,58621
0,822186
5,8627
2,96022
6,0079
0,536934
